1 584 95
0 493 13
1 747 260
2 18 816
1 53 933
2 835 704
2 103 883
1 964 103
0 732 366
0 135 238
0 243 306
2 470 225
2 382 570
2 638 48
1 71 60
0 355 552
2 852 587
2 171 860
0 992 677
1 356 537
1 37 810
2 306 135
1 865 294
1 281 501
1 368 90
1 908 291
2 462 275
2 738 288
1 645 318
2 420 453
2 116 393
0 903 264
0 266 312
2 433 806
0 826 461
0 13 841
1 647 661
0 808 388
1 459 561
0 397 879
1 761 682
0 495 454
2 484 392
2 444 93
2 852 285
2 289 854
1 143 778
0 448 836
0 988 139
2 897 387
1 670 363
1 485 606
0 47 559
2 530 53
1 249 329
0 662 931
0 741 770
2 799 813
0 54 868
2 756 435
2 610 816
0 865 195
2 819 581
0 491 805
2 682 17
2 13 863
1 244 533
0 649 712
1 127 872
0 734 525
1 748 861
0 374 615
1 144 71
0 852 675
0 491 806
2 105 246
2 277 504
1 376 995
2 528 415
0 775 462
0 522 474
1 455 296
0 714 138
1 970 85
2 274 335
1 445 322
0 932 836
0 61 989
2 59 597
0 546 611
2 625 497
1 801 673
1 360 865
1 879 957
0 965 603
1 461 635
1 266 378
1 678 463
0 440 287
1 284 636
0 491 12
0 366 40
1 542 366
2 317 647
0 884 240
0 438 616
0 791 807
1 389 890
1 364 612
2 78 309
1 412 540
1 676 14
2 410 949
1 912 736
1 576 374
0 644 48
2 643 301
0 328 754
1 827 573
2 575 961
1 974 376
1 672 727
1 15 349
1 761 726
1 949 416
0 167 894
1 572 923
2 852 748
2 480 729
1 938 276
1 190 685
0 765 447
2 763 676
2 729 723
1 536 868
0 519 847
1 163 601
0 242 508
1 702 556
2 689 948
2 919 35
0 383 501
2 186 67
0 541 187
1 684 119
0 272 566
2 605 772
2 706 426
0 729 173
1 791 817
1 936 766
1 535 651
2 856 506
1 743 216
1 660 64
2 429 398
1 926 131
2 892 945
0 728 940
0 599 694
1 916 975
0 749 188
1 177 954
0 306 488
2 268 864
0 535 821
2 853 235
2 558 171
0 799 203
2 111 72
2 851 396
0 727 263
2 379 961
2 891 281
1 460 249
1 38 422
2 502 571
0 216 306
1 97 473
1 944 307
2 160 567
0 539 621
0 146 361
2 884 184
2 496 382
2 578 332
0 271 669
0 275 400
1 763 353
1 606 214
1 891 591
0 494 623
0 634 323
0 987 967
2 394 998
1 327 281
1 646 705
0 400 352
2 43 177
2 227 147
2 169 343
0 146 539
1 452 382
1 583 241
2 675 723
2 121 199
0 203 142
2 755 887
1 326 358
1 263 740
2 459 959
0 546 946
2 56 313
0 348 766
1 690 111
2 248 537
1 947 199
2 478 696
2 354 455
1 499 369
0 738 14
0 127 129
0 549 463
2 78 227
2 452 952
1 99 206
2 497 381
1 739 701
0 239 377
0 860 984
0 633 758
2 796 560
1 311 72
0 991 856
1 917 330
0 516 472
0 521 416
1 926 770
2 665 46
2 712 453
0 769 37
2 168 913
1 916 947
2 851 710
1 393 654
0 93 398
0 511 337
1 630 941
1 13 121
2 396 144
1 282 388
0 941 357
2 72 155
0 59 617
2 384 79
1 897 852
2 819 894
2 583 310
1 554 141
1 340 466
1 488 488
1 854 499
2 374 703
1 542 866
2 367 135
1 226 307
0 863 599
0 942 394
0 937 776
0 46 580
1 970 882
0 237 142
1 613 878
1 306 666
2 950 429
2 312 565
2 866 141
0 325 291
1 467 384
2 149 901
1 538 319
2 129 161
2 245 696
1 872 322
2 196 1000
0 585 247
0 995 693
1 361 596
2 650 38
2 69 896
0 922 407
1 153 446
1 630 903
0 545 438
0 10 826
2 962 114
0 959 577
0 479 383
2 416 896
1 167 902
0 889 991
2 674 129
0 786 184
2 938 316
0 536 729
1 320 681
1 903 581
0 388 92
1 766 121
0 18 913
0 662 221
1 525 697
2 282 291
0 142 996
2 131 364
2 139 920
1 177 461
2 702 880
2 854 352
1 898 659
1 214 464
0 895 592
1 499 284
0 609 338
1 161 951
2 743 491
0 87 883
2 145 130
2 999 105
1 479 549
0 200 672
1 424 221
2 388 83
1 458 931
1 548 412
1 40 730
1 316 200
0 301 481
2 489 899
0 38 257
0 835 583
1 174 411
0 845 354
2 315 503
2 60 601
1 837 900
1 611 412
1 846 119
0 643 672
0 481 691
1 291 746
1 619 182
0 908 651
1 609 856
0 566 502
1 371 498
2 909 484
0 796 390
2 116 186
1 224 849
2 899 378
2 324 125
0 539 430
0 889 100
1 948 363
1 646 374
1 534 869
0 869 219
0 824 616
2 650 942
2 88 126
2 906 769
0 538 974
0 43 372
2 100 967
0 746 718
2 1000 639
2 137 514
1 120 455
0 869 34
0 154 760
2 279 640
2 117 211
2 15 659
2 95 872
0 50 541
0 127 85
0 947 514
0 562 698
1 711 685
1 379 811
2 803 890
2 893 307
2 434 553
0 44 816
2 903 45
2 120 189
0 165 650
1 841 544
2 631 96
0 93 481
2 410 32
0 499 855
0 673 635
0 576 347
2 954 481
2 996 799
0 173 72
0 26 983
2 195 14
2 601 411
0 694 12
2 258 796
0 64 585
2 164 679
2 611 552
0 209 322
2 774 351
2 360 872
0 24 243
1 329 83
0 743 182
0 811 780
1 809 570
1 995 902
0 160 342
1 642 615
0 23 983
2 293 526
2 21 731
1 996 439
1 920 709
2 494 363
1 354 271
0 26 67
2 862 55
0 337 615
2 724 849
2 135 911
2 247 621
1 89 623
2 318 54
1 934 951
0 340 542
2 106 329
1 553 802
2 244 473
0 278 482
1 266 361
2 295 704
1 106 570
2 73 870
0 292 849
0 74 747
1 389 158
2 80 544
1 558 89
1 844 889
0 74 233
2 216 237
0 548 251
1 773 485
0 125 761
2 245 290
0 922 567
0 249 567
2 612 540
1 54 192
2 266 603
0 414 846
0 605 41
2 590 655
0 17 110
0 959 951
1 581 630
1 690 676
0 847 435
2 357 283
1 57 610
2 900 428
1 402 576
1 969 616
1 538 932
1 761 280
2 989 169
0 721 328
1 523 398
0 602 100
2 772 909
0 32 765
0 394 140
2 10 826
0 244 764
2 530 90
0 89 144
1 15 459
1 993 876
2 359 17
2 867 277
0 399 399
0 850 108
0 413 905
1 60 32
1 560 92
2 889 589
2 550 721
0 227 672
2 673 727
2 472 524
2 217 216
0 772 255
1 969 545
2 77 311
2 97 966
1 629 473
0 991 308
0 700 519
0 222 372
2 144 352
0 432 958
2 246 71
2 37 927
0 491 205
2 951 448
0 954 710
0 173 104
1 36 685
2 398 590
0 13 767
2 883 444
0 679 368
1 767 415
1 540 980
0 245 639
1 868 121
1 411 457
1 453 335
2 329 524
2 630 565
1 207 809
0 237 496
2 654 320
2 697 218
1 375 689
0 505 834
2 866 256
0 293 807
1 333 454
2 812 759
2 824 458
0 977 29
0 431 669
2 90 118
2 504 855
0 902 784
1 17 121
0 217 229
2 748 135
2 453 739
2 738 331
2 27 738
2 67 745
0 192 463
0 561 109
2 988 21
1 430 447
1 931 329
2 737 758
0 45 897
0 563 236
1 898 671
0 612 986
2 659 490
1 298 177
0 199 916
2 799 477
0 242 22
2 705 547
2 796 722
0 927 108
1 327 995
1 279 499
2 783 854
2 465 607
0 802 666
1 983 86
1 822 481
1 817 587
0 69 65
1 360 247
2 630 104
1 393 946
2 303 245
0 491 620
0 690 82
2 502 17
0 775 609
2 928 179
0 896 169
1 12 188
1 623 441
0 990 522
0 788 996
1 280 921
0 831 371
2 783 514
0 991 497
1 351 577
2 660 856
1 518 167
2 684 954
0 734 871
2 698 243
0 289 809
1 316 645
1 212 744
2 522 985
0 207 820
1 22 95
2 81 595
2 155 661
0 28 811
2 689 369
1 111 17
2 136 272
2 438 974
1 949 628
1 40 956
1 565 317
0 451 336
0 509 447
2 402 411
1 770 443
1 458 850
1 612 594
0 678 339
1 74 53
1 754 435
1 764 761
0 169 600
1 404 176
2 620 492
0 418 828
1 546 367
2 266 949
0 738 545
2 204 839
0 757 670
0 612 558
1 110 619
2 43 830
2 428 953
2 236 509
1 43 591
2 628 274
1 395 939
1 761 581
2 34 154
2 156 56
0 829 498
2 362 236
2 572 559
2 932 510
1 924 742
0 373 754
2 885 683
1 867 225
1 375 15
0 431 32
0 99 191
1 938 628
2 994 129
0 779 519
1 775 174
2 101 146
0 179 488
0 452 197
1 160 908
1 534 254
2 170 920
0 835 478
0 579 29
1 664 140
0 751 45
1 270 16
0 309 517
1 463 658
0 879 227
2 887 881
1 889 668
1 875 828
0 375 368
0 928 287
2 599 409
1 200 789
1 382 302
2 446 27
1 282 611
1 895 297
1 686 545
1 766 740
1 134 285
0 809 652
0 837 535
0 808 611
1 381 456
0 535 329
0 722 561
0 224 877
1 918 417
1 642 133
0 466 992
1 771 93
1 500 417
1 535 303
1 533 44
1 997 999
0 783 942
2 594 433
1 158 933
0 372 832
0 917 798
2 400 404
0 287 409
1 320 70
2 931 442
1 797 578
2 473 774
0 634 852
0 127 902
0 23 204
1 91 372
0 676 613
2 870 809
1 63 605
1 571 554
0 187 133
1 212 25
2 117 341
1 471 969
1 955 920
1 119 505
0 885 306
2 498 604
1 791 99
0 142 524
2 92 767
2 309 127
2 469 330
0 639 777
0 380 366
0 491 818
0 570 633
0 366 435
0 477 809
1 853 773
2 210 351
0 306 621
1 925 320
1 483 951
2 86 574
1 62 82
2 549 720
0 315 995
0 234 55
0 92 90
2 611 180
1 637 355
0 490 260
1 744 289
2 665 357
2 853 273
1 453 230
1 128 285
0 530 804
1 837 50
1 63 78
1 813 380
0 472 919
1 60 863
2 842 493
1 69 831
1 221 254
0 167 963
0 254 188
2 622 807
1 885 411
2 402 259
2 206 714
1 387 634
0 24 767
2 251 69
2 95 202
1 296 296
1 346 714
2 91 281
1 893 605
2 214 508
2 349 372
1 23 824
2 438 882
0 469 838
1 174 486
1 894 692
2 903 738
0 38 161
0 25 590
0 626 721
1 101 680
1 596 793
0 463 40
1 388 83
1 612 172
1 901 312
0 340 741
0 977 957
0 344 369
0 314 122
2 913 198
2 47 441
1 202 86
2 359 519
0 985 446
0 369 503
0 511 934
0 599 582
2 484 592
2 426 101
2 33 173
1 141 185
1 434 898
0 631 48
1 713 253
2 315 447
2 928 320
0 989 60
0 759 668
0 708 62
1 581 412
0 200 267
1 389 46
0 624 277
2 606 508
0 586 446
0 785 160
1 215 128
1 216 253
0 95 36
1 897 697
0 467 164
0 582 808
1 95 906
1 249 582
2 629 899
0 392 969
1 84 328
1 879 130
2 575 639
1 53 269
2 911 966
1 281 665
1 933 167
0 484 401
2 194 44
1 531 768
0 989 697
0 516 80
2 485 398
2 58 916
0 604 826
1 824 580
0 780 296
0 848 851
1 102 808
2 677 478
2 671 771
2 90 346
0 717 601
0 688 55
0 556 45
2 756 842
0 492 804
2 864 777
0 245 715
1 660 33
1 434 813
1 615 25
2 166 407
1 673 479
0 499 481
2 645 922
2 204 719
0 474 321
2 402 283
2 564 93
1 530 444
0 972 284
0 70 932
1 137 468
0 464 364
0 491 48
2 961 147
0 277 705
0 770 338
0 293 977
2 154 806
0 846 555
0 143 456
0 242 851
2 999 413
0 336 798
0 244 555
1 435 533
0 795 924
0 302 951
0 872 182
2 141 486
0 257 983
1 449 204
2 898 173
1 704 898
2 734 574
1 363 522
0 410 461
0 639 548
2 888 349
1 613 466
2 698 366
0 110 409
1 825 456
0 913 529
2 541 866
1 78 208
1 982 458
2 396 776
1 395 300
2 672 913
0 491 766
1 434 161
1 346 235
2 11 41
0 644 880
1 447 691
0 652 168
0 890 210
2 271 670
0 655 622
0 909 120
0 501 554
2 481 48
2 769 189
2 631 819
0 506 632
1 780 902
1 892 225
0 422 846
2 429 783
0 64 665
1 972 458
0 280 478
2 806 112
2 165 268
1 95 105
1 807 386
2 979 801
1 207 98
2 134 967
2 950 928
1 312 264
0 364 760
1 746 817
0 586 914
0 141 723
0 902 412
0 61 537
1 633 620
0 802 746
1 64 169
2 119 950
0 413 182
1 226 328
1 239 241
2 315 415
1 944 147
2 611 428
0 906 562
1 644 256
2 432 800
1 714 64
0 816 868
1 197 768
0 535 114
0 580 698
1 834 204
0 864 427
2 243 148
2 136 390
2 911 287
2 690 71
2 198 422
1 504 226
2 770 222
2 22 758
0 138 886
0 519 478
0 766 387
1 494 501
1 506 251
2 564 990
1 145 14
1 206 371
2 998 343
1 734 609
2 275 449
1 354 689
2 148 393
2 956 314
2 257 492
2 467 240
0 592 322
0 735 179
2 150 604
1 20 711
0 450 463
1 510 748
2 367 626
1 421 939
2 162 952
2 943 967
0 828 846
1 939 898
1 353 809
0 530 706
2 746 282
2 778 607
0 148 697
1 103 171
1 922 231
2 173 744
0 215 96
1 715 608
2 759 456
1 25 127
0 934 522
2 931 517
0 461 456
1 222 263
2 593 939
2 301 343
2 523 651
2 814 426
0 622 785
0 524 533
0 263 830
2 517 660
2 789 788
2 762 919
1 393 743
0 379 368
0 489 289
1 184 998
1 63 691
0 444 239
1 647 779
0 887 490
1 388 641
2 582 724
0 848 336
0 580 456
2 673 494
2 739 72
1 392 372
1 899 215
1 552 958
1 172 130
0 806 598
2 935 860
1 663 342
1 677 43
1 398 149
0 908 712
1 49 145
2 210 139
0 286 951
1 497 465
1 351 735
0 686 310
1 858 655
2 107 80
2 67 869
1 530 421
0 473 104
0 643 274
0 131 718
1 14 749
0 776 254
0 485 697
0 118 742
0 974 674
2 950 924
2 964 260
2 235 703
1 421 282
0 546 197
1 856 72
1 690 954
1 593 448
1 825 459
1 26 330
2 529 92
0 458 108
2 205 65
2 222 480
1 576 47
1 41 452
2 977 233
2 927 610
2 785 943
2 129 308
2 690 673
2 608 245
1 969 196
0 800 808
1 358 105
0 156 220
1 272 624
2 227 414
1 343 47
2 457 153
0 145 144
0 611 725
1 532 69
1 423 457
1 42 149
1 237 45
0 278 682
2 979 300
2 706 69
0 790 122
1 935 622
1 677 785
0 46 652
0 77 564
0 202 684
1 33 739
1 859 154
1 65 30
2 640 479
1 496 239
0 642 232
0 69 903
2 252 326
0 402 686
2 513 339
2 388 152
2 245 143
1 347 306
0 995 686
0 128 22
0 88 409
2 326 848
2 19 327
1 616 241
1 368 249
0 739 842
2 510 797
1 979 317
0 446 715
1 209 682
2 839 187
2 14 191
1 361 942
0 163 858
2 541 631
1 951 920
0 194 854
1 791 580
1 301 144
0 402 799
2 609 234
2 734 834
2 176 720
1 869 438
0 382 823
0 475 663
0 656 210
2 598 779
1 512 290
0 314 628
0 164 56
1 72 459
0 65 451
1 660 780
0 50 185
0 558 563
2 48 834
0 11 715
0 445 994
0 769 84
0 843 387
1 193 401
1 454 270
0 538 608
1 507 791
2 201 782
2 213 575
2 603 39
0 84 285
1 560 748
2 613 240
1 144 473
0 447 992
0 678 992
0 139 633
2 407 672
0 891 493
2 874 640
1 688 351
2 878 402
1 55 116
2 761 803
0 774 218
1 94 131
1 115 523
0 244 975
1 47 632
1 779 550
1 336 673
1 837 265
0 992 989
1 749 554
2 42 935
1 586 662
2 352 832
0 915 232
1 436 634
2 930 875
1 669 209
2 680 203
1 770 118
2 655 92
1 633 794
0 69 59
0 964 651
2 757 467
0 84 427
1 299 589
1 562 265
2 24 777
2 618 419
2 853 80
2 707 819
0 996 295
0 276 328
2 331 469
2 980 891
2 77 19
0 665 322
1 832 420
2 493 110
0 953 554
2 537 421
2 281 788
0 930 896
2 594 925
2 157 96
2 840 400
2 401 44
2 925 898
0 649 813
1 422 657
1 315 637
1 349 89
0 688 747
2 730 926
2 225 750
1 1000 118
1 626 632
2 922 224
1 431 176
1 340 353
1 207 465
1 199 140
0 38 299
1 803 965
1 707 124
1 379 996
2 29 378
1 764 918
2 672 25
2 866 396
2 812 408
0 593 99
2 852 803
2 634 34
0 456 867
2 835 496
2 221 134
1 890 124
0 310 608
2 276 119
1 457 890
0 604 628
1 710 329
0 338 345
2 732 645
0 897 147
1 678 181
1 196 17
0 172 704
1 236 48
1 469 106
2 319 932
2 576 730
2 688 938
0 864 314
0 599 698
2 498 590
0 337 148
2 233 594
2 656 265
1 455 671
1 171 579
1 991 288
0 75 366
2 544 605
2 120 94
2 965 783
0 384 601
1 59 720
2 640 373
1 22 916
2 149 824
2 93 560
2 194 210
1 253 748
1 685 287
2 181 536
1 543 649
0 894 987
1 91 708
0 461 940
2 251 202
1 880 319
1 106 748
2 193 536
2 950 644
0 701 212
2 725 647
1 939 346
1 937 441
2 334 187
1 746 199
1 617 304
1 553 128
0 445 500
0 691 661
1 69 570
0 905 455
1 829 298
0 629 601
1 487 920
2 210 789
1 956 281
2 526 183
1 883 252
2 41 180
1 826 99
2 815 913
1 394 504
1 622 437
0 369 342
2 308 219
1 107 116
1 372 120
1 11 977
0 413 883
1 779 31
2 877 23
1 674 50
1 554 931
2 217 154
0 197 48
2 756 352
2 195 644
2 232 222
2 970 844
2 80 786
0 315 792
0 25 759
2 362 553
1 442 715
0 631 99
2 709 421
1 454 311
0 262 44
1 410 82
0 507 42
2 680 440
2 874 640
1 594 11
0 213 851
1 319 246
1 768 825
2 907 245
1 678 607
1 518 319
1 919 867
0 459 884
0 822 560
0 823 451
0 718 908
2 278 724
2 989 818
0 159 504
0 793 697
0 424 67
2 889 861
2 495 525
1 433 950
1 92 60
1 355 972
0 133 692
2 191 564
2 438 173
0 782 997
1 243 377
1 920 717
2 798 835
1 327 555
0 397 183
0 703 343
2 808 980
0 436 141
0 340 569
1 386 682
0 234 13
1 394 41
2 935 591
2 46 307
2 771 803
0 497 492
1 228 852
2 496 486
0 502 303
0 136 507
1 972 787
2 840 519
1 16 692
0 546 996
0 631 511
2 301 981
2 738 335
0 752 118
1 757 477
2 228 717
0 823 730
0 931 538
1 279 652
2 791 738
0 516 613
2 476 383
0 738 827
2 846 868
1 108 693
1 299 418
0 745 457
0 661 769
0 764 690
1 966 545
2 806 436
0 794 993
1 105 863
0 244 35
1 799 775
1 230 287
1 455 313
1 114 847
1 557 545
2 320 963
2 214 946
0 709 425
1 480 345
2 836 273
2 567 119
2 147 38
1 165 729
2 856 281
1 668 120
2 131 318
0 888 335
2 316 22
0 743 378
1 927 773
2 93 831
0 503 985
0 577 935
2 111 307
0 329 634
2 844 745
0 20 115
0 362 518
0 504 506
0 904 158
0 639 374
2 708 431
2 381 513
1 872 686
1 168 856
0 738 152
1 343 433
0 642 385
1 123 374
1 534 662
1 208 378
0 651 582
2 575 824
2 680 490
0 833 749
0 287 425
0 929 756
2 272 637
2 46 72
2 215 133
1 553 604
2 15 828
1 338 920
0 780 50
1 914 826
0 577 784
0 626 368
0 783 459
0 771 935
2 569 597
1 848 656
0 396 18
1 52 56
1 401 50
0 667 120
2 170 833
2 86 342
0 368 853
0 641 195
1 534 177
1 62 215
0 385 548
0 445 715
0 380 924
0 887 745
0 129 714
2 255 218
1 425 853
0 646 465
2 314 227
0 614 364
2 565 496
2 499 836
0 744 661
0 196 870
2 567 77
2 589 284
1 270 600
0 31 338
1 21 353
0 486 122
0 700 374
1 204 130
2 952 790
2 592 91
2 150 173
2 790 126
0 196 350
1 585 986
2 417 770
1 45 118
1 698 382
2 420 377
0 408 659
2 326 852
2 823 154
1 993 25
2 871 369
2 440 981
2 834 736
1 576 909
2 945 564
1 417 229
0 270 938
1 340 385
2 444 901
2 987 315
0 548 279
1 413 903
2 949 849
1 112 589
1 815 219
1 308 277
2 315 60
2 298 379
2 692 195
1 618 910
0 974 382
0 785 658
1 464 470
2 874 131
2 299 667
0 297 805
0 662 828
0 789 204
2 464 890
1 867 763
2 730 330
2 515 13
1 741 716
2 71 837
0 769 61
0 158 205
2 906 773
2 936 287
2 334 975
0 750 951
2 222 186
2 20 835
2 35 317
0 964 446
2 726 665
0 23 199
1 428 277
1 281 99
2 607 53
2 38 557
0 215 127
2 457 478
1 556 370
1 815 264
1 954 977
2 96 596
1 254 637
1 210 15
1 938 980
1 316 785
0 652 668
1 76 553
0 243 268
2 395 128
0 795 311
1 676 379
2 615 443
2 706 797
0 964 489
1 660 748
0 419 372
0 587 532
0 235 459
0 643 271
0 922 246
0 172 433
2 445 943
2 506 273
0 297 495
2 214 359
1 470 47
1 347 28
1 42 24
0 333 809
2 349 458
0 79 730
1 885 484
1 201 422
0 28 629
2 538 934
0 121 944
2 21 485
0 216 766
2 901 868
1 994 364
1 255 916
0 791 904
0 732 822
1 616 349
0 478 415
2 340 509
0 614 980
2 463 808
1 131 30
1 48 348
0 925 642
2 665 993
2 361 725
0 976 746
1 681 494
0 30 161
0 960 893
0 15 725
0 756 480
0 680 956
0 768 512
0 500 418
2 204 286
0 587 643
1 574 878
1 559 793
2 137 291
0 824 783
0 305 943
0 163 818
1 190 544
2 337 280
1 145 963
0 94 33
1 664 825
0 579 523
1 67 898
1 568 140
1 61 807
0 804 708
2 218 223
0 49 125
2 212 480
2 458 230
2 378 361
1 698 750
1 471 260
2 868 890
0 47 63
0 196 248
2 612 815
2 935 687
1 361 452
2 133 817
1 249 264
2 606 460
0 119 678
0 115 391
2 239 112
1 19 864
2 127 757
1 697 595
1 550 550
2 101 962
1 961 673
1 558 592
1 285 930
1 120 199
1 673 788
0 437 340
2 281 896
2 498 178
2 975 614
2 855 345
2 793 459
2 517 526
1 75 503
1 10 438
0 849 600
0 693 955
2 345 975
1 535 528
0 551 776
0 447 450
2 863 635
1 771 465
0 558 165
0 231 987
0 47 254
2 865 702
0 102 493
2 476 426
2 81 543
2 828 898
2 877 981
2 16 795
0 449 354
2 809 566
2 951 239
2 553 898
0 533 762
2 320 569
1 938 885
1 459 351
1 678 844
2 397 605
0 842 714
0 736 153
1 997 55
1 264 204
0 990 480
2 843 628
1 850 185
0 587 990
0 999 434
2 521 515
2 543 503
1 457 817
1 100 62
0 321 45
0 344 739
0 25 789
2 262 532
2 82 492
1 799 130
1 305 201
0 619 547
2 829 665
0 120 916
2 365 493
2 377 78
2 997 663
0 819 146
1 379 651
0 310 746
0 217 832
2 676 781
2 70 45
2 65 882
1 951 673
1 352 294
1 906 564
1 46 123
0 198 364
2 573 574
1 145 544
2 327 775
1 582 579
0 197 865
1 431 820
1 101 311
2 307 279
2 802 624
0 978 300
1 325 384
2 386 331
1 910 339
2 910 208
2 319 802
1 493 52
2 623 807
2 720 797
1 876 179
0 17 770
1 98 825
0 44 112
0 477 148
2 23 693
1 663 753
0 897 374
2 365 889
0 599 391
1 842 133
0 740 40
0 811 593
0 98 509
2 605 12
2 841 40
0 507 744
1 915 414
0 953 820
2 293 548
1 310 889
0 833 989
0 522 830
0 480 715
0 315 12
2 599 32
1 235 651
2 846 804
2 624 81
1 809 432
2 695 956
1 645 933
1 820 307
0 559 784
0 640 859
2 645 782
1 644 799
1 281 237
0 263 264
1 991 277
1 538 801
2 995 772
0 548 937
2 51 340
2 92 593
0 852 242
1 313 646
0 912 285
1 63 887
0 489 438
2 944 972
1 329 719
1 602 19
1 365 535
1 62 774
2 805 638
0 980 499
0 394 835
0 666 818
2 639 310
2 913 144
2 933 164
0 369 514
0 97 830
0 534 183
0 997 359
0 60 327
1 222 495
2 453 137
2 379 270
1 998 988
1 339 340
1 371 338
0 775 526
0 103 196
1 596 304
2 492 53
2 256 355
0 842 701
0 346 813
2 308 182
1 339 721
0 546 765
2 111 440
1 833 453
0 974 523
1 688 418
0 986 365
1 250 734
0 903 532
0 954 405
0 95 974
0 82 344
2 381 111
0 186 447
2 682 290
2 434 989
0 453 851
0 855 458
2 958 926
1 215 547
2 38 627
1 441 79
2 44 293
0 950 528
2 808 708
2 150 892
2 335 439
0 277 649
0 423 525
2 254 820
1 690 492
0 260 862
0 559 110
0 431 787
1 993 241
0 448 721
1 600 186
0 352 303
0 667 839
0 114 163
1 938 948
1 169 258
1 733 744
0 694 913
1 773 237
0 434 219
0 394 27
1 369 982
2 873 760
1 97 181
1 628 524
1 50 671
2 153 486
1 59 361
1 670 612
0 341 175
2 911 752
1 134 491
2 326 516
2 166 863
0 824 418
0 243 608
1 236 121
1 360 422
2 646 275
2 712 504
0 538 762
2 644 295
2 579 256
2 295 905
2 832 619
2 342 389
0 763 216
0 42 140
2 555 936
2 59 56
2 784 501
1 653 709
0 814 557
0 469 295
1 577 868
1 908 905
0 747 597
1 878 215
0 490 136
2 653 797
1 919 488
0 190 76
0 305 90
0 663 195
0 102 844
1 629 983
2 52 117
1 191 701
2 237 917
2 95 60
0 983 288
1 26 335
2 203 251
2 202 709
0 266 953
1 44 557
1 330 42
1 924 239
0 750 494
0 17 709
2 998 273
2 44 81
2 898 516
1 458 280
2 423 223
1 800 950
1 11 569
1 835 98
2 938 51
2 495 116
0 377 483
0 219 898
1 252 798
0 978 688
2 635 599
2 736 559
0 435 164
2 191 14
1 144 228
1 897 551
2 689 83
2 368 984
1 55 400
0 519 587
0 331 255
1 593 602
2 424 127
2 391 103
0 717 412
0 411 238
2 755 461
0 972 700
1 140 269
1 702 568
2 990 713
2 779 485
1 732 585
2 745 309
1 197 884
2 507 668
1 871 925
2 235 939
2 29 842
0 904 503
2 464 203
1 578 883
0 324 22
1 470 830
1 709 40
1 168 450
0 561 747
0 214 763
2 991 220
2 381 907
2 491 303
2 565 486
1 910 515
2 643 725
0 483 685
2 299 903
2 769 553
2 963 532
0 505 249
2 265 771
2 553 322
1 15 453
1 223 979
2 462 306
2 36 186
1 573 641
1 365 162
0 949 690
2 642 498
2 966 233
0 407 524
2 928 361
2 783 154
0 767 457
2 983 83
2 111 162
0 15 876
1 859 659
2 934 804
1 953 996
2 325 303
1 537 137
1 286 755
1 526 796
1 398 967
1 336 775
1 476 656
1 734 307
2 781 243
2 141 157
0 262 904
2 166 999
2 525 846
0 134 146
0 213 756
2 462 210
1 876 302
1 404 655
2 439 586
1 612 360
2 349 229
0 204 573
0 954 658
0 179 698
1 441 474
1 51 479
1 267 983
2 778 934
2 801 242
2 731 808
0 489 844
1 649 526
0 276 217
2 764 77
1 292 335
0 714 398
1 241 503
0 709 226
2 646 299
2 483 59
0 43 458
2 488 569
0 570 650
2 235 504
2 132 127
0 552 847
0 204 171
1 192 149
0 280 495
1 593 884
1 899 496
2 28 726
2 609 799
1 16 136
0 666 147
0 834 775
0 225 930
0 676 123
1 362 496
2 619 742
1 692 773
2 884 640
0 768 427
0 837 755
0 28 721
1 448 619
1 707 164
1 488 269
1 790 961
1 64 312
1 427 432
1 10 259
2 575 805
1 608 993
2 400 501
2 417 234
2 994 978
0 903 355
0 388 337
0 671 342
2 333 143
2 161 559
1 117 939
0 355 617
1 115 483
0 240 36
2 365 49
1 969 534
0 491 545
1 882 236
1 408 305
2 951 239
1 106 773
0 375 11
1 356 382
2 900 948
2 282 515
2 586 901
1 19 846
0 623 507
0 158 534
2 276 725
1 282 841
2 949 937
1 274 466
1 946 950
2 165 385
1 774 32
0 284 79
0 689 568
2 411 178
0 800 630
0 577 328
1 944 186
2 13 263
0 976 271
0 870 625
0 691 477
0 787 1000
1 995 506
1 22 191
1 158 109
2 428 820
2 861 458
2 720 526
2 669 505
0 737 24
0 10 548
1 488 361
0 32 432
0 860 516
0 399 310
0 181 185
1 575 406
0 580 30
1 685 832
1 98 871
0 160 108
2 308 150
0 941 505
0 81 419
2 793 76
1 663 623
1 28 23
1 710 789
0 837 516
0 643 186
2 391 726
1 847 770
2 649 303
0 872 788
1 232 262
2 63 470
2 882 140
2 679 304
0 871 596
1 731 391
2 175 268
1 923 245
0 75 205
2 247 248
1 732 630
0 432 253
0 611 980
1 898 855
2 272 569
2 246 790
0 981 354
2 66 639
2 216 377
2 397 163
1 861 916
1 264 566
1 684 196
2 838 986
0 559 500
1 617 873
2 606 12
1 123 606
0 405 398
2 606 478
2 977 820
2 770 59
0 16 804
0 359 42
2 57 75
2 993 117
1 35 935
1 597 312
2 813 209
0 653 90
2 499 732
2 513 237
2 389 613
1 591 99
0 326 397
1 844 533
2 305 600
1 245 528
0 233 878
2 234 271
2 102 522
0 243 262
0 715 644
2 185 996
0 423 56
1 130 78
2 127 442
1 250 956
0 354 492
2 66 638
0 385 235
1 28 963
1 635 335
2 88 638
1 541 991
0 132 154
0 41 478
0 714 743
2 224 636
0 910 381
1 557 936
2 170 569
0 19 744
1 822 416
1 309 841
2 845 682
2 242 113
2 469 783
2 93 103
1 892 445
1 946 407
0 27 874
1 167 592
2 520 29
2 869 982
0 432 65
1 223 883
0 571 60
0 391 576
0 714 268
0 831 107
1 137 703
1 351 934
2 632 944
0 145 207
2 940 525
1 974 70
1 780 36
1 486 27
1 549 821
2 961 20
2 555 486
1 676 581
1 746 819
0 30 316
0 419 468
1 913 457
0 165 13
2 788 371
1 860 922
2 981 446
0 260 550
1 426 795
2 642 929
0 696 691
0 449 815
0 394 967
1 602 391
2 868 101
1 441 730
1 627 320
2 196 761
2 174 564
2 403 404
1 722 576
0 617 168
0 696 949
0 624 578
0 636 331
2 640 422
1 37 617
0 609 916
0 902 139
1 947 669
0 994 927
0 637 954
1 745 839
1 239 248
1 547 445
1 734 186
0 526 349
0 590 466
0 817 934
1 914 578
0 591 583
2 408 480
2 276 736
2 715 75
0 71 931
1 656 486
0 413 176
2 484 770
2 984 517
1 332 919
1 770 204
2 71 82
1 387 353
2 193 875
0 294 901
1 340 971
1 38 819
0 743 770
0 829 207
2 363 758
2 573 726
0 367 90
2 170 524
2 357 334
0 903 715
0 311 698
2 849 569
2 506 923
2 852 734
2 753 567
1 831 971
0 790 280
0 441 54
1 481 656
2 177 58
0 230 122
0 34 129
1 412 90
2 621 406
0 73 142
1 981 492
2 675 855
1 537 920
1 156 781
2 375 356
2 900 50
1 793 185
0 761 502
2 437 70
0 180 509
2 273 256
1 42 302
2 713 228
0 608 996
1 623 149
0 568 135
1 952 520
1 861 505
0 688 382
0 433 969
2 306 212
1 847 944
1 373 132
0 893 484
1 160 940
0 70 502
2 369 993
1 668 393
0 766 78
0 964 466
0 705 608
2 45 127
1 757 474
2 816 69
2 475 155
1 905 595
2 176 137
2 468 242
0 370 97
1 60 287
1 73 561
2 431 812
1 936 344
0 485 702
2 799 201
2 266 806
1 798 828
2 957 554
2 240 543
1 360 363
0 751 154
2 415 487
2 625 598
0 519 671
1 587 336
0 169 94
0 34 986
1 913 157
2 661 103
1 405 743
1 613 32
2 140 318
1 635 64
2 877 205
0 171 87
2 965 380
0 703 21
1 438 948
0 31 801
1 574 405
2 106 406
2 680 671
0 461 952
2 686 11
1 865 569
0 257 333
1 277 789
1 852 792
1 613 534
2 938 901
0 993 997
0 944 192
2 900 10
1 584 257
0 778 42
0 948 909
0 141 820
1 839 253
0 702 683
1 10 136
2 661 144
2 365 515
1 288 837
0 356 230
0 991 260
0 953 447
1 805 263
0 360 414
1 783 728
1 956 180
0 910 604
2 103 569
1 870 684
1 21 563
2 864 798
2 679 682
2 367 811
2 710 710
0 317 860
0 643 632
2 823 677
2 182 717
1 953 772
0 622 10
0 331 932
0 886 930
0 543 457
1 174 623
0 202 153
1 930 482
1 857 882
2 139 750
0 797 994
0 696 904
2 947 509
2 885 390
1 452 479
1 281 479
2 384 497
2 670 499
2 168 441
2 145 826
2 227 218
0 471 49
0 382 700
1 931 605
1 649 162
0 673 157
2 419 555
1 487 958
1 354 706
1 593 789
0 890 966
0 978 616
2 375 203
2 458 428
2 94 739
0 607 366
1 64 939
1 766 500
0 123 299
2 776 111
2 795 244
2 950 575
2 327 706
2 551 474
2 611 498
2 391 782
1 34 530
0 575 531
0 387 168
2 526 143
1 317 682
0 776 579
1 265 968
2 389 882
0 899 173
0 333 515
0 753 998
0 897 250
1 703 807
1 318 291
2 214 828
2 815 954
0 561 587
2 327 956
0 85 691
1 482 259
2 696 395
2 212 488
1 376 837
2 136 474
1 256 191
1 876 215
0 236 246
2 380 676
0 952 660
0 915 491
0 450 59
2 749 384
0 383 964
2 77 192
1 88 840
0 94 114
1 230 90
1 653 119
2 854 15
2 477 705
0 810 331
0 306 353
1 886 329
1 703 515
1 169 706
2 817 740
2 86 11
2 924 516
0 973 769
1 380 657
0 773 960
1 700 571
1 137 646
1 700 357
2 732 319
1 675 842
2 537 620
0 566 352
2 643 335
1 413 861
0 32 943
2 63 879
2 831 785
2 863 893
2 823 692
0 451 697
1 13 958
1 999 588
0 800 650
0 118 470
1 856 791
1 786 653
2 518 788
2 744 968
0 278 844
0 896 888
0 876 710
2 563 340
0 167 139
0 872 169
1 487 693
2 305 570
2 209 553
0 594 164
0 416 580
0 393 58
2 319 887
2 437 158
2 659 998
2 778 614
0 581 827
0 182 786
1 235 745
0 955 851
0 651 705
2 942 908
2 930 365
0 868 957
2 440 78
1 582 752
1 381 474
0 730 530
1 565 552
2 145 251
1 382 786
2 777 966
2 63 231
2 545 356
0 936 212
1 359 428
1 10 428
0 557 836
0 830 76
2 487 406
1 545 509
0 79 792
2 13 988
1 63 423
0 441 55
2 673 64
2 500 699
1 576 355
1 49 972
0 249 318
1 735 741
2 546 254
1 108 787
2 888 342
0 868 767
1 191 897
2 593 640
1 888 472
1 745 135
2 352 16
2 761 247
2 908 521
1 930 993
1 760 345
0 112 352
1 929 724
2 732 782
1 27 379
2 857 822
1 421 589
2 753 916
2 186 41
1 930 531
1 706 547
2 187 217
1 976 46
2 872 148
2 154 677
2 555 105
2 263 841
0 497 832
1 872 741
1 844 521
1 229 125
0 782 285
1 276 927
2 169 843
2 642 864
0 721 477
2 49 771
1 35 251
2 15 285
0 531 39
1 934 581
2 249 416
1 954 519
2 319 204
1 931 646
2 743 45
1 20 802
0 476 891
0 576 137
2 293 255
1 205 816
0 224 908
2 210 198
2 341 886
0 399 965
2 628 794
1 24 600
1 857 14
2 236 812
2 515 872
1 444 297
0 105 120
1 236 341
0 446 701
2 771 517
1 359 917
0 122 465
0 51 33
1 693 89
2 417 600
1 123 549
0 171 139
2 201 493
0 245 889
1 897 789
1 812 903
0 912 457
0 823 625
2 255 737
1 139 517
2 439 201
0 562 213
0 633 518
1 164 229
0 947 544
0 979 477
0 165 965
2 979 537
2 408 88
2 184 665
2 540 928
0 542 195
1 738 82
0 747 133
1 228 698
2 257 712
1 624 699
2 214 380
1 159 845
1 231 665
2 742 180
0 978 487
2 272 94
1 428 313
1 528 548
2 665 992
0 520 367
0 246 238
1 99 710
0 113 934
1 717 483
1 620 672
0 16 53
1 949 659
2 583 178
2 397 575
2 21 385
1 198 928
2 823 159
2 764 31
1 362 506
0 948 902
2 964 436
2 297 998
2 887 203
1 687 73
0 943 789
2 76 337
1 53 759
1 182 854
1 504 245
0 230 214
1 1000 570
2 148 703
1 822 265
2 655 671
2 317 820
2 266 140
1 218 21
2 758 68
1 829 601
0 304 236
1 292 527
0 429 496
2 719 887
2 332 750
2 359 706
2 192 917
1 229 242
0 577 272
0 52 713
2 788 687
0 551 462
2 611 560
2 469 836
1 827 676
2 405 565
0 372 633
0 346 208
1 992 482
1 160 800
2 187 517
0 484 259
2 896 708
1 942 85
1 302 980
0 501 33
2 314 332
2 260 734
1 267 154
2 846 989
2 416 387
2 299 28
0 211 649
2 895 580
1 802 806
2 892 400
0 19 866
1 175 678
1 738 991
1 726 234
1 20 726
1 604 697
2 889 183
1 262 88
2 882 593
2 857 813
2 813 526
1 276 577
1 884 194
1 959 194
0 475 811
0 697 697
1 118 294
0 840 901
2 972 733
2 82 558
1 452 895
0 945 815
1 629 149
0 796 490
1 76 195
1 425 941
0 840 1000
0 514 50
2 672 310
2 302 536
1 447 892
0 755 276
0 427 608
2 168 968
2 272 301
1 682 187
2 383 384
1 668 384
0 688 891
2 334 504
1 289 716
2 177 520
2 993 905
2 321 39
2 199 944
0 143 710
0 412 984
1 58 188
0 167 972
0 446 482
0 877 22
1 495 396
1 415 591
1 160 234
0 676 73
1 169 703
0 871 843
2 612 238
0 142 713
0 717 96
2 297 983
1 959 44
1 688 484
2 314 413
1 610 986
2 10 877
0 292 543
1 29 884
1 186 916
1 698 454
0 595 430
0 35 501
2 684 875
0 337 677
0 882 246
2 315 783
1 768 937
1 891 407
2 976 274
2 257 479
0 892 186
2 525 836
2 130 463
0 249 243
1 369 933
0 794 599
1 946 241
1 238 520
1 251 728
0 438 476
0 333 888
2 627 134
0 377 608
0 388 889
2 696 578
2 120 156
1 33 908
1 592 335
2 445 297
0 285 843
0 447 499
2 438 213
1 368 236
1 783 488
2 276 228
1 860 55
0 349 343
1 413 669
1 989 295
0 549 827
1 587 727
1 815 358
2 329 46
1 873 776
1 349 856
1 883 350
2 760 498
1 963 399
1 665 358
0 428 484
2 126 487
1 596 973
1 101 750
1 757 160
1 555 87
0 273 283
1 426 34
1 889 801
0 128 960
1 390 775
0 696 443
2 452 62
1 652 42
2 409 574
1 389 356
0 527 850
1 116 163
1 285 871
0 832 342
1 1000 858
1 194 751
2 979 272
2 229 709
1 118 195
0 997 234
1 716 418
1 62 706
0 538 352
1 760 70
2 693 306
0 405 843
1 644 847
0 945 68
1 983 907
2 237 926
1 150 405
1 208 990
0 466 730
1 904 715
1 863 26
2 995 21
2 212 667
2 525 547
0 603 283
1 676 686
0 667 598
0 470 474
0 179 79
1 917 858
1 760 523
0 628 655
2 831 941
1 922 282
2 777 232
2 766 37
2 864 616
0 494 925
2 127 964
2 954 989
0 859 253
1 51 495
2 831 578
2 431 234
1 341 945
1 972 500
2 645 438
1 596 986
1 910 101
0 425 954
2 678 472
2 474 953
1 537 678
2 11 919
2 308 611
0 102 375
2 849 252
2 726 810
0 425 439
2 266 358
1 692 120
2 974 799
0 514 890
1 944 843
0 451 855
2 185 388
0 870 969
2 184 864
1 61 999
1 101 1000
2 353 340
1 335 666
0 839 157
1 468 544
0 72 590
0 211 726
0 967 230
0 294 349
1 114 125
2 772 796
1 981 498
0 840 451
0 192 316
1 734 807
0 955 162
2 373 997
2 710 967
2 996 652
0 526 387
1 393 224
2 112 912
2 749 696
2 258 626
0 704 527
0 726 119
1 621 455
2 220 187
0 393 950
1 495 774
1 730 333
1 510 301
2 27 144
1 417 699
1 166 157
1 886 421
0 944 652
2 651 77
1 661 503
1 63 743
2 380 523
0 155 915
0 917 565
1 21 339
0 394 240
1 422 494
0 754 742
0 713 105
1 118 458
1 67 110
1 276 577
1 213 143
2 709 857
1 639 410
0 75 954
2 904 187
1 861 52
2 826 392
2 311 572
0 350 949
2 136 309
1 464 884
0 600 733
1 916 600
1 302 392
0 22 606
1 488 286
2 631 402
0 949 774
1 886 344
0 979 366
2 84 325
1 964 595
1 240 841
2 303 118
2 930 564
1 283 132
1 949 31
2 188 904
2 999 724
1 514 323
2 456 567
0 369 992
1 17 876
1 211 765
1 642 521
0 738 151
2 406 226
1 948 703
0 596 348
0 642 991
1 170 241
0 891 936
2 239 68
0 305 806
2 937 958
0 225 72
0 661 752
0 403 745
0 552 104
0 473 861
2 247 95
0 804 474
2 746 375
1 803 575
0 48 813
2 950 84
2 809 806
2 340 322
0 642 724
0 880 359
0 79 588
1 459 98
0 155 217
0 148 85
2 431 666
2 595 818
2 621 28
2 184 56
0 1000 199
0 944 842
1 254 222
0 269 684
0 586 264
0 324 371
0 234 984
1 125 423
0 86 580
1 429 842
1 726 971
2 249 968
0 42 696
1 399 444
0 751 266
2 327 424
2 559 810
1 692 998
1 170 381
0 19 727
0 405 442
2 170 210
1 734 882
2 964 369
1 587 505
1 678 969
2 786 366
2 673 978
2 968 756
2 247 656
1 471 560
0 974 885
2 749 352
1 811 868
1 425 982
1 585 202
0 657 782
0 341 572
2 757 429
0 659 602
1 139 807
2 476 897
0 889 466
2 320 572
1 221 321
2 995 332
2 216 930
2 887 242
0 609 668
2 997 213
1 42 602
2 922 818
2 986 680
0 882 295
0 879 819
1 838 649
0 382 176
1 300 252
0 367 982
1 782 506
2 97 399
1 309 750
0 630 54
2 734 788
2 904 831
2 358 889
2 119 274
2 427 420
2 65 575
1 45 298
2 834 440
0 38 478
2 693 222
1 34 108
1 184 105
1 61 759
2 184 214
0 806 446
2 675 241
0 430 665
0 202 172
2 961 967
1 607 434
0 408 488
1 414 401
1 294 428
1 216 954
1 105 897
0 917 393
1 514 108
1 735 217
1 330 983
2 737 120
2 50 185
1 352 653
2 458 965
2 828 393
1 633 406
1 565 452
1 533 99
2 465 128
1 915 576
2 760 89
0 781 646
1 129 148
0 885 158
1 335 285
2 907 13
2 497 828
1 907 433
0 575 828
2 57 265
0 766 539
0 876 888
2 416 760
0 951 188
1 375 314
1 160 662
2 317 565
2 860 670
2 569 87
1 358 639
2 191 999
1 612 479
0 413 713
1 749 284
1 686 171
1 14 703
1 842 285
0 781 316
2 783 176
0 646 496
1 370 315
0 391 422
1 489 31
1 530 705
1 188 602
1 725 830
1 79 315
2 548 626
1 957 389
2 411 213
1 253 277
2 680 488
0 514 983
0 665 457
1 270 531
1 291 284
2 709 549
0 376 762
1 554 323
0 803 801
0 588 46
2 439 573
1 950 876
2 807 961
0 26 728
1 481 477
2 111 139
2 540 731
2 172 303
1 443 996
0 747 628
0 279 618
0 624 782
2 712 357
2 254 661
1 143 471
1 734 391
1 194 303
1 310 668
1 946 486
0 887 239
2 335 818
1 567 873
0 824 639
2 719 709
0 715 751
2 596 673
0 622 607
1 363 995
0 241 180
1 688 712
2 465 550
0 230 18
2 459 858
0 240 607
2 720 752
2 957 428
2 564 599
1 894 916
1 102 600
1 686 61
0 98 175
0 909 771
1 390 788
0 212 713
2 355 658
2 10 608
1 674 922
2 415 497
0 649 849
0 326 186
2 596 675
2 550 134
2 745 855
0 135 629
2 544 983
1 684 76
1 712 235
2 233 364
2 275 768
2 880 353
0 235 313
1 87 612
1 782 890
1 84 974
0 640 450
0 748 708
0 17 37
0 539 53
0 550 656
1 642 868
0 929 497
2 946 839
1 89 892
1 593 484
0 844 26
1 109 128
1 64 83
2 250 108
0 84 26
1 241 401
1 223 135
1 274 947
2 846 639
2 411 766
2 744 424
0 187 132
0 398 875
0 742 824
1 465 265
2 556 194
0 637 526
2 454 122
2 318 202
1 88 387
2 232 877
0 524 724
0 333 364
2 725 457
0 962 75
1 661 411
0 497 267
2 278 495
2 144 622
0 573 94
2 636 390
1 471 798
1 239 228
0 991 886
0 681 449
1 422 75
1 226 74
2 585 792
2 879 166
0 293 511
2 533 660
0 700 861
1 160 229
2 774 482
0 227 858
1 44 566
2 365 499
2 940 724
2 250 411
2 20 467
2 885 20
0 718 350
1 541 474
2 646 918
2 174 412
2 282 365
1 77 768
0 655 340
2 492 367
1 952 594
0 376 58
1 25 15
2 612 118
2 668 589
2 359 934
1 783 672
2 905 541
0 730 200
1 48 996
1 535 622
0 503 249
0 923 268
0 170 276
0 454 418
1 585 225
0 334 109
2 487 575
2 929 241
2 341 368
1 455 753
0 485 808
0 154 648
1 126 220
0 189 892
1 775 11
0 341 450
0 202 102
1 300 170
1 979 463
0 739 44
1 884 693
0 53 518
0 942 975
0 919 488
2 221 168
0 17 380
1 946 563
1 47 827
2 380 627
0 852 542
2 784 299
0 29 526
2 228 626
0 842 536
2 735 947
1 641 755
0 64 642
2 615 462
0 555 115
1 834 387
1 238 892
0 331 975
1 988 799
1 875 973
1 938 789
0 809 508
0 875 277
1 153 554
1 152 871
0 669 64
0 758 776
2 566 25
2 896 993
1 923 622
0 948 103
1 732 819
1 475 516
0 550 40
1 414 309
2 282 904
0 585 284
0 866 653
0 336 918
2 716 764
2 496 547
1 112 811
0 23 10
1 304 319
0 814 121
1 382 62
2 204 914
2 165 358
0 676 14
1 632 219
1 648 488
2 90 794
2 898 86
0 792 839
2 414 190
1 286 643
0 393 409
0 414 509
0 845 167
0 835 55
2 875 804
0 799 278
2 543 982
2 968 53
2 910 114
0 902 421
1 562 554
0 216 403
2 830 666
0 950 408
0 142 818
1 792 734
1 130 971
1 410 982
2 411 650
1 775 76
1 716 746
2 371 903
2 651 251
2 548 484
1 287 768
0 56 206
1 241 611
0 339 608
1 388 495
2 332 825
0 561 245
2 242 732
2 712 591
0 650 521
0 911 812
0 295 737
0 292 388
1 974 965
1 367 560
0 10 410
1 635 443
1 751 664
1 455 780
1 701 400
0 378 100
2 857 697
2 503 538
2 125 492
0 381 154
0 707 253
1 322 330
2 641 690
0 971 986
0 137 625
2 820 453
2 858 663
2 970 770
2 974 498
2 575 695
1 489 931
0 424 109
2 297 979
0 547 526
2 972 69
2 688 750
1 54 168
2 55 93
2 348 259
0 123 143
2 670 228
0 92 788
0 368 250
1 878 812
2 41 777
2 268 296
2 367 367
1 475 216
0 174 225
1 926 237
0 355 22
0 235 353
0 21 751
2 25 350
2 862 661
2 412 986
0 944 278
0 453 327
0 699 251
1 860 205
0 271 384
0 676 40
0 824 80
2 366 319
1 756 488
1 788 754
0 696 763
0 938 715
1 589 878
0 614 386
0 446 606
1 645 869
1 247 329
0 801 204
1 964 424
1 646 67
1 608 116
1 425 191
2 339 850
1 340 706
1 912 950
1 713 341
2 201 900
2 805 733
2 514 389
1 641 618
2 626 742
2 808 115
0 777 32
1 931 792
2 545 795
2 568 288
2 784 478
0 890 52
2 951 917
1 42 297
0 51 821
0 154 176
0 824 366
0 601 611
2 310 17
1 249 877
0 270 438
0 382 368
2 44 937
1 315 516
2 677 252
1 91 337
1 106 982
1 519 752
0 697 354
2 858 987
2 772 436
2 662 203
0 944 613
0 451 387
2 755 81
0 863 329
1 466 148
1 660 136
2 963 950
1 145 320
1 274 329
2 249 106
1 48 253
1 332 335
2 400 117
0 243 148
0 475 162
2 381 49
2 918 952
0 678 201
0 294 405
0 265 621
2 408 71
2 856 189
1 657 105
2 705 255
2 350 715
0 827 779
0 980 541
2 747 681
0 200 471
2 592 340
2 835 499
1 423 553
1 489 244
1 838 870
1 750 261
2 206 698
1 808 267
0 949 10
1 261 742
1 108 22
0 737 291
1 425 318
1 699 192
0 51 467
0 340 268
2 547 809
2 57 533
0 29 15
2 113 91
1 724 582
0 487 339
2 137 102
1 290 90
2 878 598
2 350 511
1 967 821
1 943 381
2 494 174
2 237 10
0 139 308
0 534 705
2 989 518
1 589 190
2 813 560
2 149 507
1 707 718
0 625 886
1 652 702
2 933 336
0 826 331
2 839 974
2 18 531
1 845 336
2 697 437
1 343 955
0 513 482
1 615 831
2 785 880
1 130 360
2 518 975
2 256 826
0 311 699
2 797 587
2 831 652
1 917 404
1 417 274
2 557 673
0 808 921
1 491 210
1 371 205
1 91 493
0 681 643
2 513 646
1 841 463
2 481 872
0 53 676
1 409 143
0 118 265
1 394 10
1 44 909
1 906 652
2 653 542
1 550 866
1 116 700
1 803 149
2 961 102
1 573 795
2 985 334
2 483 558
2 550 476
1 539 543
2 81 512
2 882 169
0 531 133
0 796 916
1 619 970
1 646 871
1 243 997
0 523 544
1 120 951
2 880 341
0 364 117
0 486 964
2 131 182
2 113 721
1 23 241
1 705 102
2 669 716
1 70 208
2 200 943
1 822 413
0 406 858
1 310 889
2 820 646
1 756 225
0 648 791
1 328 334
2 834 763
1 562 779
0 607 245
1 22 60
2 906 550
0 422 953
0 740 433
0 382 566
2 306 322
0 169 339
2 883 526
1 851 522
1 977 238
0 402 999
0 298 490
0 492 133
1 934 718
0 833 535
2 425 278
2 640 414
0 719 458
0 763 214
1 603 288
1 601 961
2 406 847
2 265 799
2 818 167
2 74 898
1 158 880
1 121 415
2 819 889
2 484 430
0 560 102
1 676 350
1 489 885
2 30 395
2 715 113
0 47 347
0 980 108
0 83 163
1 686 725
0 540 748
2 846 116
2 199 557
2 260 741
2 328 582
2 963 392
2 67 562
0 562 95
0 552 488
1 981 514
1 887 934
1 947 365
0 842 35
1 115 68
1 13 104
2 127 506
0 856 580
0 534 708
0 799 846
1 127 413
0 780 995
2 572 118
0 10 41
1 699 678
0 571 41
0 350 591
0 41 583
1 283 62
0 595 18
1 226 477
2 399 936
0 162 415
1 816 284
0 822 76
1 123 358
1 730 846
1 152 396
1 465 442
2 243 903
1 303 752
2 625 617
1 694 364
0 261 39
1 204 496
1 189 737
1 922 310
1 404 326
2 633 355
1 332 460
1 258 626
1 856 467
1 410 780
2 76 648
0 995 212
2 857 48
2 779 683
1 690 553
0 135 805
2 135 732
0 957 984
2 307 990
2 450 55
0 523 965
2 591 455
2 842 376
0 120 669
2 756 877
1 433 916
0 484 295
2 625 994
1 704 412
1 295 585
0 487 856
0 243 117
2 921 321
0 688 381
2 935 879
2 205 32
0 382 401
2 518 907
1 224 555
2 89 653
1 419 278
0 184 566
2 689 849
2 763 211
0 542 612
2 444 269
1 824 210
2 602 843
1 478 580
0 251 530
0 533 17
2 578 687
0 367 697
1 630 967
2 929 817
2 527 438
2 69 957
1 762 167
0 812 666
1 242 647
2 452 679
1 908 751
1 771 350
0 658 618
0 17 880
2 477 843
0 823 739
2 399 153
1 289 698
0 226 879
2 806 838
2 872 428
0 321 292
0 223 823
1 618 989
2 960 284
1 623 803
0 502 485
2 670 250
0 936 370
0 589 665
2 707 271
1 426 964
0 425 551
1 374 673
2 579 965
1 13 742
0 27 195
2 908 797
1 34 835
2 163 827
1 896 618
2 450 108
2 728 177
0 122 106
2 655 768
2 970 788
1 474 83
1 305 299
1 163 439
0 941 74
0 944 388
2 397 453
1 991 754
0 71 309
0 461 46
1 822 465
1 79 251
0 421 910
1 152 707
1 802 217
0 868 239
0 780 449
0 73 773
0 212 371
1 363 877
2 398 91
2 149 271
2 278 996
1 268 521
2 839 26
2 192 351
0 701 500
1 486 253
0 608 301
0 63 112
2 461 851
2 710 568
0 601 654
0 501 905
1 561 558
2 485 234
0 430 819
1 833 552
1 621 936
0 75 116
1 550 791
2 775 864
1 781 130
2 183 356
2 948 667
2 76 606
0 884 143
0 583 697
2 704 243
2 292 853
0 638 151
1 730 327
0 368 313
2 804 600
1 899 374
2 479 410
2 855 970
0 17 547
2 395 342
0 943 281
2 432 970
0 831 113
1 298 287
1 317 800
1 621 421
1 689 882
1 605 122
2 112 349
1 963 695
1 800 114
2 94 500
2 126 587
0 615 853
1 316 671
1 796 824
2 678 937
2 54 748
0 486 972
0 603 589
0 922 292
2 804 560
1 868 30
1 910 974
0 28 822
2 334 65
2 611 927
2 336 438
0 938 15
2 787 85
1 152 569
1 443 591
1 90 32
1 569 235
0 446 145
2 360 631
2 483 636
0 230 82
0 331 703
2 645 460
2 697 194
0 913 375
2 281 866
1 691 898
1 23 710
1 647 205
0 888 694
0 258 380
2 559 698
1 358 412
1 650 482
2 766 42
1 303 315
0 717 262
1 761 703
1 706 885
1 798 95
1 594 520
1 256 905
0 681 382
1 823 849
0 510 950
1 329 655
1 61 205
2 315 370
2 287 441
1 347 801
2 528 300
0 996 746
0 158 725
0 213 994
1 904 868
0 400 874
0 866 692
0 896 974
0 190 658
2 16 124
2 941 260
1 788 720
0 34 219
2 801 825
1 753 442
2 642 343
0 715 463
2 524 422
0 488 311
2 778 712
2 20 225
0 211 87
2 142 58
0 557 796
0 556 871
0 154 897
2 100 780
2 588 225
0 984 55
2 108 554
0 548 888
0 706 779
0 509 474
0 473 54
0 283 484
2 694 668
2 19 309
2 621 964
2 118 818
1 148 580
1 250 247
0 944 119
2 321 630
2 337 210
2 281 509
0 66 461
1 505 100
0 800 528
0 990 552
2 925 727
1 582 134
1 663 543
0 655 814
2 287 693
2 861 133
0 134 481
1 841 645
2 447 320
0 344 269
2 144 967
2 551 117
2 392 759
2 238 685
2 411 315
2 701 889
2 893 881
1 207 778
1 965 567
2 699 989
0 646 702
1 45 213
1 849 135
1 857 851
0 20 419
1 720 644
2 128 860
2 38 125
1 640 557
1 287 569
1 706 815
1 924 465
2 995 214
1 799 782
2 923 877
2 157 694
0 680 931
2 454 293
2 770 115
2 82 960
2 262 765
1 515 496
1 640 768
2 239 746
0 92 217
2 148 363
2 543 654
0 528 933
1 850 940
0 581 478
2 548 34
0 73 472
2 19 23
0 91 963
0 605 802
1 521 642
2 532 297
0 62 614
1 28 142
2 760 41
2 925 70
1 52 76
2 171 518
1 617 908
1 782 459
1 386 802
1 880 700
0 379 62
2 49 566
0 175 746
2 241 899
2 297 563
1 476 611
1 987 895
2 270 136
2 378 502
0 803 96
2 955 533
1 862 957
0 324 979
0 421 458
1 507 966
2 988 341
2 258 372
0 420 187
1 84 675
1 511 542
0 436 534
0 552 542
0 592 135
0 98 680
1 85 11
1 612 962
0 566 886
2 35 605
0 95 995
2 571 16
0 316 135
0 563 672
0 355 945
0 645 832
1 951 681
1 51 558
1 56 361
0 64 695
0 801 724
1 969 395
1 232 592
2 201 687
0 215 578
1 404 793
2 567 262
0 178 129
0 920 519
1 845 687
2 392 942
2 259 371
1 522 302
0 501 364
2 243 185
2 813 211
1 122 84
0 621 869
2 485 281
1 196 423
0 273 344
1 690 653
1 664 779
2 686 72
1 646 422
1 270 853
0 463 362
1 906 968
2 445 310
1 560 377
1 696 368
0 570 993
2 935 231
2 113 487
1 424 589
2 817 563
2 45 201
0 455 105
1 342 211
1 561 862
1 362 966
1 525 35
0 151 162
1 320 992
1 841 84
0 80 643
0 789 542
0 572 379
0 487 44
1 557 232
1 309 90
2 220 181
2 851 696
0 407 289
0 532 992
0 92 783
2 216 786
1 553 138
1 429 612
0 459 550
1 661 982
2 922 366
0 144 84
0 691 650
1 393 838
1 595 506
0 161 738
1 38 313
0 233 365
1 856 50
2 219 69
1 529 603
2 257 337
0 452 415
0 621 997
0 711 623
0 76 986
1 949 282
2 53 488
1 213 726
2 611 882
2 498 859
0 590 591
1 759 966
0 405 539
1 980 121
0 804 644
0 746 282
2 711 11
2 107 338
1 75 780
2 893 889
2 397 947
0 672 52
0 857 786
0 308 615
2 784 670
1 107 506
0 958 444
2 287 25
2 973 432
1 801 816
1 851 503
0 210 162
1 130 550
0 452 607
0 347 347
1 778 932
2 744 105
2 496 91
1 978 594
2 554 594
1 710 64
0 976 883
2 868 596
1 46 329
1 78 18
1 119 207
0 921 557
2 647 268
2 59 328
2 368 428
2 541 546
1 705 408
0 621 659
0 126 60
2 193 805
0 297 253
0 983 137
2 134 680
0 594 272
0 67 275
0 641 896
0 425 71
0 300 652
0 931 966
2 549 119
1 252 46
2 237 927
0 11 440
2 75 583
0 449 493
2 447 829
2 809 315
0 984 215
1 597 369
2 65 435
1 893 180
1 442 460
1 757 530
1 597 945
1 147 99
1 245 375
2 682 938
0 60 999
1 205 867
2 439 255
0 507 92
1 740 819
0 557 866
1 521 451
2 451 831
1 199 501
0 232 694
0 927 722
2 831 886
0 980 461
0 501 860
2 315 189
1 843 434
2 956 560
1 625 910
0 126 76
2 866 395
0 777 213
0 838 932
1 667 398
0 247 739
0 142 461
1 980 349
1 707 830
0 214 341
2 613 862
1 130 139
0 384 560
0 531 255
1 649 568
0 56 161
1 874 776
0 887 376
0 317 655
0 49 757
2 174 154
0 325 630
2 930 430
0 681 874
0 245 243
1 536 451
0 374 925
2 94 279
1 287 699
0 983 74
1 845 235
1 83 865
2 565 697
1 848 823
0 786 154
1 15 477
2 59 82
0 969 852
2 886 431
0 193 617
2 502 513
0 103 342
1 468 931
2 253 198
2 498 208
2 152 988
2 995 107
2 855 891
0 75 621
2 619 482
1 605 344
2 374 897
0 614 647
2 389 351
0 921 695
1 760 759
1 354 343
0 313 592
2 263 863
0 163 308
1 538 878
1 366 127
1 163 646
2 765 378
0 877 268
1 927 526
1 822 907
1 447 787
0 676 479
1 57 970
2 694 34
0 425 293
0 672 747
0 582 446
0 754 443
1 508 950
1 750 268
2 85 414
0 543 157
0 126 611
2 928 38
2 330 388
1 114 514
0 71 683
1 88 768
0 400 513
2 427 506
0 794 419
2 516 170
1 994 461
0 120 839
1 648 37
1 196 15
0 835 286
2 310 74
0 619 341
1 995 637
1 319 990
1 396 387
0 658 804
0 323 416
1 866 583
2 193 459
1 762 929
2 845 212
0 826 757
0 544 310
2 317 421
0 992 697
2 140 247
0 981 611
0 672 261
0 314 14
0 395 384
2 884 458
1 820 638
2 494 64
1 726 588
0 619 766
1 707 941
1 95 672
0 546 836
0 768 74
2 179 264
1 928 348
2 847 294
2 324 697
0 61 972
1 287 847
0 216 860
0 445 28
2 395 348
1 233 497
0 250 427
0 146 854
1 52 253
2 397 892
0 575 593
2 246 376
1 512 144
2 380 869
2 750 831
0 642 422
0 151 342
0 638 674
0 550 560
0 721 395
0 367 595
1 635 365
2 545 698
0 561 401
1 593 184
0 710 687
1 593 234
2 933 836
1 333 758
0 422 114
0 658 444
0 839 356
0 323 491
0 22 133
2 324 680
2 794 980
1 913 896
1 221 383
2 785 508
1 762 13
2 695 519
2 721 61
1 136 961
2 553 587
2 262 413
0 483 500
1 721 475
1 160 117
0 102 755
1 627 320
1 820 343
0 449 997
1 108 307
1 303 550
2 274 262
0 49 274
1 780 434
0 53 159
1 460 153
1 891 601
2 487 62
1 867 425
2 749 591
1 16 129
2 335 586
2 695 167
0 225 616
0 286 723
1 750 68
2 440 298
0 712 453
0 910 481
0 183 322
0 254 413
2 624 497
2 420 484
0 962 991
1 38 195
1 81 819
1 931 432
2 866 613
0 438 884
1 401 121
0 777 570
2 110 515
0 123 399
2 948 165
2 781 381
2 517 602
2 625 384
0 199 869
0 702 266
1 850 583
1 820 830
2 291 358
1 328 242
0 648 406
0 953 109
1 514 993
1 611 256
1 158 870
2 370 191
0 83 866
2 440 589
1 155 39
2 268 230
0 779 357
1 403 845
1 478 695
2 550 178
2 654 179
1 905 686
0 294 951
1 863 605
2 302 917
0 90 341
1 838 663
0 862 519
1 247 129
1 183 510
1 890 787
0 794 42
0 888 376
0 886 770
0 306 413
0 458 922
2 251 558
2 717 384
2 1000 171
0 305 953
1 727 482
2 642 860
2 284 130
2 932 114
0 388 575
0 449 107
2 840 390
1 478 317
2 145 660
1 375 645
2 491 356
2 989 829
2 538 869
2 27 490
0 459 513
2 691 34
2 361 630
1 204 997
1 292 911
1 822 701
0 465 812
0 779 864
1 138 817
0 190 752
2 120 291
2 850 33
2 941 312
0 657 103
0 709 221
2 862 891
1 280 397
2 499 895
1 253 53
1 348 705
2 264 108
2 430 536
0 629 432
1 741 541
1 858 564
0 289 545
1 235 731
1 104 625
0 858 695
2 965 615
0 709 353
1 793 571
1 690 907
2 506 344
1 700 102
1 502 390
2 550 274
0 741 525
2 380 582
0 134 595
1 979 853
2 118 544
1 185 63
0 596 793
1 285 322
0 511 181
1 281 184
2 796 429
2 419 185
2 657 887
2 849 193
1 588 855
1 882 248
1 77 954
1 528 208
0 939 670
2 841 732
2 346 605
0 188 831
1 586 146
0 345 654
1 119 95
0 422 83
0 699 895
0 105 831
0 912 714
1 935 892
1 978 530
1 480 911
0 999 245
1 845 776
1 272 21
0 138 543
0 673 377
0 848 425
1 132 426
0 438 952
2 566 89
1 151 759
0 531 159
2 337 972
2 471 689
2 814 153
1 337 815
0 601 855
1 110 838
0 814 624
2 274 924
2 304 355
1 659 827
2 411 667
0 69 614
2 19 329
1 793 894
2 462 633
0 615 307
1 535 152
1 990 855
1 945 790
2 336 425
1 960 766
0 331 678
2 511 349
1 834 589
0 998 23
2 914 32
2 343 956
1 289 844
1 897 671
2 377 186
1 382 667
1 169 999
1 780 403
1 951 913
2 597 349
0 75 970
0 60 750
2 193 248
2 204 950
1 365 265
1 19 779
1 409 746
2 204 973
2 755 312
0 345 401
2 354 863
1 403 437
1 225 536
1 383 357
1 238 682
2 271 974
1 286 54
1 280 17
1 174 705
1 25 255
1 835 11
0 731 490
1 892 69
1 138 205
0 473 455
1 100 670
1 56 822
2 72 756
2 689 220
1 370 931
0 257 494
0 662 619
2 225 327
2 784 203
1 62 404
2 136 467
1 877 962
1 40 358
1 355 490
1 11 379
1 709 142
2 735 195
2 606 594
2 840 23
1 514 855
0 623 874
2 137 552
1 139 75
1 321 897
1 335 808
0 581 521
0 645 255
2 162 78
2 672 47
2 746 536
2 932 738
1 153 878
2 700 701
1 734 328
0 646 33
2 641 995
2 401 101
0 264 467
2 279 554
2 576 781
2 492 114
2 962 138
0 168 645
0 808 236
0 438 591
2 394 978
2 864 804
2 194 962
2 433 480
1 570 731
2 854 26
0 337 129
0 193 901
0 226 562
2 648 423
1 50 522
1 586 98
1 818 249
0 897 850
2 170 979
1 173 551
0 360 204
1 712 920
2 236 155
1 265 126
0 532 590
0 607 180
2 885 746
2 266 78
1 811 75
0 347 614
2 634 287
2 944 231
0 731 155
0 122 345
0 982 767
2 750 704
2 629 326
2 76 846
2 485 330
1 219 271
1 772 748
0 933 536
1 169 618
0 813 909
1 877 267
1 342 256
0 735 646
0 729 15
0 214 949
1 142 261
1 197 101
1 661 701
0 186 480
1 381 570
2 10 598
1 803 271
2 166 519
2 806 679
2 60 639
1 142 450
2 842 239
1 649 342
0 576 204
1 171 521
2 419 864
0 448 118
2 832 859
1 608 59
1 949 147
1 314 49
1 437 834
0 44 490
2 807 447
0 786 709
0 830 101
2 911 347
1 409 559
1 151 951
1 186 754
1 847 810
1 81 816
0 527 811
0 46 522
0 817 502
2 960 114
0 526 206
2 935 42
2 34 417
1 330 898
1 561 391
2 283 250
0 442 254
0 721 83
1 507 53
1 869 494
2 143 594
1 797 727
2 846 459
2 886 814
0 632 147
1 781 561
2 730 13
0 836 317
1 343 716
1 665 141
0 611 532
1 155 244
0 827 428
2 154 666
0 105 565
2 466 343
0 620 953
0 733 355
1 646 809
0 143 579
2 254 845
0 308 144
0 120 821
0 916 933
0 777 152
2 942 129
0 726 271
1 690 129
1 571 572
0 421 482
2 352 472
0 423 491
2 517 566
0 281 958
0 545 253
2 771 167
2 194 239
0 815 942
1 875 942
2 960 606
0 627 556
2 795 856
0 432 349
1 833 159
1 42 830
0 402 14
2 1000 345
1 350 686
1 253 731
2 476 146
0 919 513
0 60 929
2 648 898
2 750 87
2 240 537
2 689 219
0 485 17
2 689 920
0 420 582
1 101 884
2 893 364
1 928 393
0 998 382
0 991 935
0 963 818
0 714 354
1 238 60
0 248 695
2 192 89
0 908 260
2 56 871
0 707 83
0 792 813
2 655 693
1 670 693
1 879 241
0 931 869
2 919 467
1 958 769
1 507 902
2 204 265
0 501 793
1 364 756
2 572 686
0 297 538
1 898 692
0 990 121
1 935 590
1 350 597
0 293 581
1 800 406
2 308 226
2 714 402
0 67 251
1 215 334
0 900 168
1 584 924
1 59 668
1 899 747
1 545 766
1 584 657
2 953 585
2 692 950
0 99 532
0 906 571
0 462 743
0 429 202
2 374 155
0 668 747
0 906 390
1 351 64
2 955 611
2 61 88
1 43 517
0 519 262
0 325 525
0 980 318
2 401 888
0 753 622
1 919 382
0 942 152
1 128 398
1 572 167
1 908 652
2 990 627
1 239 100
2 210 900
0 525 932
2 964 831
2 349 49
0 203 115
1 932 570
0 666 650
1 705 422
2 872 350
0 342 170
1 962 953
2 594 861
2 425 551
0 374 872
0 269 934
2 68 187
0 491 418
2 441 696
0 157 242
1 72 173
2 421 199
1 230 440
1 931 83
0 185 66
2 796 972
0 349 799
1 674 242
0 209 314
2 634 302
2 457 85
2 548 998
0 329 51
1 970 884
2 397 364
0 200 831
0 906 243
0 882 741
2 951 250
1 951 566
1 493 503
2 732 605
2 99 954
1 630 559
1 607 225
2 400 905
2 974 682
2 508 499
2 644 328
0 41 47
0 616 465
2 281 259
1 859 899
1 207 826
1 689 816
0 677 408
1 719 468
1 512 229
1 829 558
1 768 759
0 188 628
0 171 164
1 144 844
1 562 408
1 690 422
2 948 627
1 133 151
0 287 258
1 222 512
1 794 866
1 477 590
1 16 163
2 639 669
0 392 580
0 357 859
1 319 717
0 551 663
0 295 849
2 746 81
2 335 907
0 354 507
1 303 12
1 273 546
1 762 389
0 420 132
1 207 667
2 923 967
0 550 55
1 135 609
1 900 915
1 891 66
2 166 456
2 89 39
2 143 269
0 16 250
1 946 839
2 552 51
1 674 274
1 911 745
2 728 587
1 146 859
2 773 381
0 353 763
2 298 602
0 462 81
0 152 487
0 338 410
0 855 46
2 657 209
1 132 859
2 987 247
0 133 608
1 126 257
2 783 715
2 835 320
0 89 934
1 347 979
1 373 533
1 827 533
0 416 758
1 265 636
0 316 722
0 795 746
2 544 375
0 484 874
2 47 949
2 527 703
0 270 307
1 422 268
1 166 945
0 819 510
2 704 286
1 74 520
0 279 443
1 613 209
1 547 783
1 680 323
2 746 917
1 315 203
1 738 650
1 640 165
1 914 563
2 188 146
1 31 825
1 743 14
1 149 605
2 647 601
1 92 617
2 724 343
2 860 815
1 395 700
2 256 132
2 840 391
2 740 243
1 714 112
2 352 320
2 732 892
1 825 944
1 932 584
0 24 588
1 300 505
2 206 45
2 480 545
0 123 388
1 559 903
0 691 657
1 464 822
0 695 111
2 515 636
0 530 145
1 82 378
0 115 226
0 63 687
0 899 304
2 10 864
1 92 927
0 251 478
0 719 383
0 196 787
2 102 806
1 986 641
1 432 286
2 272 537
2 415 819
2 648 187
2 966 229
1 748 400
2 95 838
2 266 188
2 124 142
1 67 501
1 858 432
1 72 125
1 623 625
0 562 98
2 884 688
1 91 631
0 534 721
1 399 116
1 296 132
0 979 922
1 599 965
0 758 254
2 470 513
0 550 327
0 545 861
2 617 922
2 890 825
0 729 848
0 18 171
1 501 322
0 867 575
0 61 841
0 176 192
1 233 800
0 429 444
0 602 102
2 115 753
0 536 174
2 446 876
2 788 364
1 789 291
1 644 698
2 274 908
0 518 281
1 44 816
0 708 251
1 771 661
1 40 678
0 192 525
0 126 751
0 514 756
1 915 721
2 202 730
0 681 626
1 820 147
1 13 24
2 338 32
2 362 166
0 864 256
0 351 387
2 506 714
2 114 512
1 205 249
0 547 524
1 487 947
2 945 551
2 685 125
2 281 35
1 955 581
2 169 786
0 621 314
0 73 646
0 33 112
2 668 439
1 156 919
1 618 859
1 208 268
2 206 679
1 784 770
0 505 891
1 867 995
0 626 58
0 779 677
1 466 187
2 184 170
1 420 375
0 594 221
0 712 86
2 448 429
2 410 788
0 31 929
0 722 575
2 910 329
2 560 816
2 78 256
2 204 624
1 839 149
1 160 454
2 656 809
1 701 318
2 222 515
0 726 39
2 649 401
2 873 673
1 175 260
1 108 622
2 615 501
1 304 692
0 253 829
0 416 234
2 459 500
1 931 136
1 930 215
2 616 359
0 22 670
1 775 501
1 162 106
1 495 69
0 442 399
0 244 433
1 386 732
0 701 410
1 834 38
2 921 574
0 104 929
1 614 829
1 556 98
2 216 767
1 138 546
1 85 421
2 611 363
2 26 434
1 705 813
2 879 134
1 114 722
2 662 796
2 64 864
2 764 954
2 241 607
1 953 927
1 67 718
1 581 347
2 723 413
1 741 622
1 582 521
1 826 129
1 636 555
1 665 587
2 884 785
0 526 729
0 526 462
0 610 812
0 846 789
2 381 723
1 100 337
1 344 750
2 815 134
2 635 260
2 859 267
2 764 202
1 392 200
1 582 653
1 500 292
0 916 207
1 871 82
1 925 942
2 547 627
2 681 600
1 601 941
1 287 484
2 726 645
2 552 813
1 63 151
2 20 654
1 455 10
2 272 643
1 184 86
1 759 362
1 917 400
0 361 228
1 336 81
2 128 61
1 103 187
1 772 68
1 892 414
2 847 76
1 103 402
0 555 401
0 989 970
0 243 682
1 421 923
1 10 399
1 429 111
1 473 280
0 473 112
1 143 621
2 723 953
2 763 275
0 706 322
2 738 10
1 694 607
1 456 836
2 461 507
1 177 82
2 214 43
1 626 146
1 535 550
1 241 354
2 167 368
0 968 220
2 850 23
2 675 961
2 865 765
0 338 586
0 538 108
2 843 540
2 135 919
0 334 800
2 278 867
1 448 461
2 952 289
0 742 174
2 133 48
0 982 200
1 853 527
1 245 802
2 405 603
2 69 572
2 731 647
0 932 765
2 858 123
0 881 667
0 738 25
2 504 184
2 743 896
2 326 94
2 242 53
1 339 814
1 544 345
1 250 766
1 998 518
0 305 926
1 152 102
1 294 256
1 168 772
1 990 49
1 712 151
2 318 397
0 136 128
2 553 268
2 702 91
1 519 153
1 873 753
0 765 39
0 37 777
2 141 422
0 117 768
2 881 129
1 740 209
2 621 979
1 636 806
0 534 232
0 224 676
1 348 579
1 820 201
0 245 728
2 985 858
0 704 249
2 437 21
0 19 357
0 867 57
1 669 841
1 504 558
0 313 431
1 556 14
0 434 374
2 240 686
1 798 135
2 171 303
2 36 491
1 448 630
2 500 939
1 584 238
1 776 485
2 390 468
1 646 490
2 161 423
1 975 519
2 354 290
0 746 340
0 75 826
1 338 460
1 718 549
2 873 611
1 444 80
0 668 532
2 293 435
2 210 131
0 620 792
0 346 704
2 334 803
0 105 216
2 944 123
2 348 793
2 53 746
0 141 759
1 415 131
2 397 345
0 787 141
0 911 425
0 402 369
1 528 385
1 331 766
0 435 892
2 354 392
2 718 553
0 183 862
2 326 434
0 48 575
2 497 307
1 970 897
1 542 82
2 177 933
1 426 526
0 966 977
1 732 657
1 507 52
0 343 10
1 247 527
2 940 403
2 396 984
1 23 994
1 539 455
1 40 691
1 413 617
1 750 59
1 49 816
2 336 818
2 901 93
2 173 83
0 196 412
2 932 916
2 992 933
0 341 149
2 861 640
2 321 979
0 475 70
2 121 660
2 728 597
0 705 685
0 225 554
0 140 179
0 590 906
0 15 205
1 689 617
0 594 346
1 352 383
2 810 164
1 252 151
2 726 811
0 128 948
2 273 979
1 535 274
0 742 890
2 197 764
0 279 578
0 623 188
1 485 925
2 500 215
0 494 942
1 530 777
2 428 833
2 491 347
0 291 952
0 592 428
2 22 751
1 390 488
2 168 788
0 328 114
0 903 368
2 585 763
0 712 849
0 53 326
2 283 438
1 748 427
1 225 136
2 953 108
1 229 783
1 149 709
1 253 993
2 41 326
2 705 57
0 937 853
1 287 816
0 488 806
0 785 865
1 809 154
0 233 893
2 485 730
1 201 100
1 367 242
0 466 720
1 329 584
2 717 549
0 363 500
2 152 355
0 883 479
0 500 172
2 761 710
2 661 68
0 705 544
2 916 598
1 26 532
1 597 65
0 875 288
0 387 134
1 499 906
2 204 970
2 492 287
0 181 828
0 981 948
0 636 326
0 790 769
1 128 370
2 445 582
1 665 880
1 234 370
2 212 993
1 922 534
2 19 657
2 330 438
2 282 406
1 411 679
0 298 402
1 395 540
1 877 906
0 944 715
1 871 182
1 941 804
2 469 877
0 175 31
2 292 436
0 250 335
2 362 486
1 32 212
2 998 401
2 265 303
0 561 350
0 486 170
1 778 969
1 498 426
1 996 259
1 313 605
1 251 656
0 733 318
0 12 852
0 532 657
2 90 229
2 268 925
1 700 735
2 519 540
0 674 711
1 15 229
0 677 124
0 123 278
2 797 629
2 848 33
1 540 67
0 587 657
0 747 781
0 18 848
0 321 939
2 25 92
1 646 971
0 152 331
0 686 355
2 881 213
0 483 35
0 951 640
1 630 737
0 52 236
0 91 802
0 891 151
0 320 707
1 342 901
1 353 350
2 921 851
0 42 62
2 320 780
2 245 865
1 422 943
0 882 146
0 454 366
0 132 751
1 497 173
2 859 680
0 780 499
0 726 145
1 49 957
1 588 690
2 795 100
0 104 386
0 570 305
0 963 312
1 375 886
1 91 27
2 458 34
1 863 225
2 306 252
2 817 961
1 682 500
0 44 181
1 417 596
2 16 115
0 405 806
1 497 625
0 637 812
1 520 415
2 447 52
0 891 616
0 821 302
1 957 507
0 754 774
2 681 286
1 903 991
2 481 673
2 433 468
2 970 146
1 669 516
0 994 384
0 703 829
2 479 86
0 313 978
2 692 685
1 382 957
1 932 192
0 113 797
1 772 444
1 492 88
1 12 210
2 110 571
2 927 948
2 843 598
2 764 510
1 130 56
0 714 488
1 256 159
2 286 606
2 684 973
0 792 401
2 180 874
0 871 941
0 834 974
1 521 64
1 43 700
1 730 478
0 198 992
0 819 775
1 767 214
0 774 169
2 177 51
0 287 567
1 480 993
1 817 544
1 733 711
1 340 327
1 908 975
2 89 122
0 389 754
0 933 546
1 722 843
1 946 933
2 16 604
2 704 323
1 163 313
1 372 980
0 800 993
1 379 849
2 758 270
0 453 276
0 552 534
0 665 140
2 756 628
2 211 618
1 669 11
1 948 612
1 935 701
2 913 982
0 117 892
0 274 538
2 629 291
0 752 708
1 802 796
2 162 129
1 820 18
1 868 552
1 985 645
0 533 658
2 762 674
0 843 401
0 581 146
1 797 842
2 604 932
0 518 73
2 937 366
1 242 670
1 507 289
1 949 484
1 621 504
1 995 923
0 320 334
0 936 255
2 784 27
2 741 280
0 509 670
2 377 191
0 810 672
0 87 358
0 44 512
1 367 156
1 262 266
2 975 181
2 203 271
0 292 603
1 403 862
2 185 649
1 455 531
1 816 928
0 630 800
2 890 705
2 979 694
1 883 797
2 936 648
1 740 614
2 973 729
0 128 661
2 40 245
2 693 273
2 600 464
1 321 756
0 32 140
2 247 955
0 975 855
1 858 867
0 188 854
0 179 623
0 900 123
0 528 582
2 321 110
0 312 181
2 14 783
0 861 908
2 558 767
2 442 884
0 745 718
1 676 799
2 648 268
1 963 543
1 970 205
1 199 685
2 404 92
1 895 463
1 827 993
2 760 348
2 261 409
1 643 259
0 745 229
0 917 397
1 308 571
2 373 469
0 528 163
2 950 987
2 59 214
0 814 676
1 672 627
2 230 86
0 213 800
0 365 98
1 999 458
2 911 841
0 562 24
1 28 579
2 279 829
2 575 441
2 307 757
0 345 327
0 70 487
2 867 143
2 771 414
0 26 734
0 136 680
1 985 58
0 496 119
2 530 511
0 706 850
2 734 47
0 471 596
1 195 401
0 292 973
1 305 925
1 203 547
1 612 611
1 348 406
0 794 892
0 984 372
2 226 912
2 534 221
0 598 715
1 972 152
1 815 946
2 722 543
1 822 162
1 265 670
0 275 627
2 504 791
0 922 220
1 865 82
0 692 342
0 346 719
1 635 671
0 16 12
2 675 545
2 315 365
2 884 401
0 236 969
2 961 662
1 585 236
2 267 277
1 504 791
1 534 897
2 908 749
1 943 358
1 800 515
0 548 203
1 433 183
1 94 419
1 922 587
1 955 682
0 343 384
1 633 340
2 128 917
1 937 375
0 850 963
0 30 448
1 228 618
1 851 22
1 77 299
1 410 605
2 164 685
0 779 587
0 353 787
1 355 101
0 889 419
0 253 649
2 342 639
0 347 710
0 507 32
2 35 649
2 240 703
0 261 923
2 369 73
2 758 928
1 541 669
1 962 453
0 367 587
1 908 499
0 454 153
1 875 28
2 127 217
0 434 643
0 911 189
2 500 963
0 957 508
2 744 982
0 162 943
1 633 964
1 879 49
0 162 215
1 357 355
1 206 421
0 968 579
2 672 453
1 399 220
0 615 46
2 954 388
0 656 532
0 171 665
2 300 589
1 790 81
2 362 19
2 918 321
2 237 903
2 114 924
2 757 247
0 49 152
0 441 898
0 307 19
2 183 753
2 115 413
0 123 111
0 417 458
1 921 488
1 802 249
0 702 958
1 776 668
2 752 472
1 34 617
0 404 530
0 308 923
2 243 515
2 119 76
0 636 730
1 505 368
0 980 137
2 812 78
2 257 839
1 530 643
1 742 262
0 973 552
2 433 203
2 473 422
1 660 823
2 633 663
2 78 420
1 365 810
1 62 476
0 629 100
2 239 86
0 478 430
1 236 188
0 516 748
1 636 783
0 54 484
2 62 332
2 375 958
2 111 981
1 315 632
1 224 838
1 744 130
0 893 850
0 232 378
0 737 552
1 263 989
0 472 777
0 649 422
2 656 190
1 129 672
2 678 449
2 970 854
0 145 661
2 31 382
1 279 609
2 762 755
1 353 784
0 146 63
1 120 536
0 99 202
1 990 808
2 900 690
1 550 707
1 628 123
1 302 470
1 303 583
1 795 893
1 191 488
0 118 609
0 530 610
2 978 654
0 876 157
0 124 578
2 759 344
1 628 961
0 739 136
1 207 646
1 989 847
2 250 949
2 874 338
0 211 319
2 162 924
0 978 302
0 405 51
2 733 827
1 729 589
2 403 631
2 483 27
2 142 677
1 469 650
0 235 529
1 737 200
1 562 603
2 848 162
1 773 436
0 390 608
2 226 632
2 859 849
0 263 960
2 815 948
0 981 545
0 145 136
2 265 477
2 326 893
1 889 301
0 862 214
1 531 934
2 785 909
2 707 51
2 947 116
0 150 565
2 986 137
1 384 52
2 791 583
1 982 94
2 606 693
0 615 514
1 423 903
0 180 268
1 471 191
2 882 15
1 654 718
2 298 792
0 956 174
2 571 898
2 250 789
0 813 19
0 82 378
0 44 962
2 242 375
1 625 178
1 470 404
2 699 384
1 756 922
0 908 147
1 745 378
2 78 950
0 943 400
1 108 133
1 515 47
0 862 862
2 350 371
1 49 657
2 737 611
2 402 956
0 329 843
2 916 576
2 794 384
0 424 466
1 913 129
1 781 517
0 473 245
2 150 136
0 40 80
1 106 491
1 321 937
0 828 113
0 646 494
0 492 311
0 463 543
2 352 533
0 133 319
1 280 93
0 218 227
0 340 459
0 650 343
2 604 881
2 876 348
2 564 98
0 712 826
2 785 123
2 427 596
2 815 175
1 935 781
0 843 982
2 612 770
0 699 679
1 747 833
0 843 974
1 972 999
1 628 905
1 539 542
0 564 833
1 161 326
1 283 532
1 236 905
0 845 671
1 678 107
0 939 804
1 10 209
1 384 276
2 890 69
1 870 834
1 926 231
0 998 539
0 121 79
1 780 642
0 116 24
0 565 726
1 490 468
2 757 374
1 211 975
1 853 323
1 326 916
0 348 10
1 666 802
2 761 560
0 218 813
1 559 617
2 580 348
0 822 357
1 269 997
1 83 834
2 475 601
0 151 179
2 685 295
0 366 911
0 499 861
2 89 451
2 616 431
2 151 365
1 178 463
1 877 520
0 133 870
1 657 157
0 271 603
0 198 664
2 664 247
0 884 874
2 356 969
0 950 457
1 571 648
1 138 209
1 633 816
2 90 624
2 198 777
0 321 937
1 20 332
2 420 446
0 428 630
0 300 381
1 66 252
1 311 470
2 393 106
1 702 461
0 301 606
0 816 398
2 33 533
2 979 578
1 553 895
2 648 327
1 587 191
1 336 266
0 876 655
2 812 117
2 185 160
1 852 643
0 753 411
1 86 135
0 259 404
0 214 140
1 97 30
1 78 382
2 891 597
2 472 727
1 789 891
0 431 762
1 769 418
0 905 346
1 594 51
0 783 497
0 445 189
1 828 684
0 394 948
1 64 681
1 273 52
1 344 285
0 140 117
2 74 288
0 522 245
0 927 343
2 848 869
2 128 683
2 383 379
1 71 31
1 802 359
1 957 495
1 173 997
1 960 683
1 844 744
2 757 164
0 632 502
2 97 355
0 883 904
2 560 831
1 417 690
0 326 308
2 348 463
0 464 372
1 987 176
0 840 514
2 727 966
1 929 209
1 911 660
1 973 689
2 765 269
2 240 750
2 416 226
2 561 217
0 946 555
1 732 844
0 459 227
0 724 19
1 998 247
0 916 81
0 429 126
0 830 432
0 68 639
0 185 121
2 576 153
2 948 381
2 24 159
0 540 23
2 368 30
1 500 700
0 82 763
2 821 536
2 635 410
2 146 769
0 192 845
1 59 29
1 77 544
0 750 960
0 876 67
0 335 403
0 326 839
2 444 691
2 634 946
2 996 35
2 749 991
2 420 951
0 887 396
2 840 398
0 159 27
0 361 629
1 465 868
1 546 955
2 62 898
1 539 547
1 497 103
1 620 198
0 319 758
0 959 993
2 41 284
2 682 184
2 22 458
2 566 575
1 652 676
1 747 66
0 806 883
0 817 265
2 999 393
2 827 736
0 331 595
1 414 159
0 449 652
2 290 256
2 394 230
1 100 968
0 295 797
0 533 346
0 810 359
0 905 755
0 769 905
1 131 380
1 682 749
2 175 739
1 834 82
0 294 521
2 846 69
0 40 310
1 861 439
1 230 866
1 90 683
2 353 329
1 208 125
2 270 519
2 876 97
2 418 823
0 633 727
2 764 677
0 246 831
0 637 100
1 518 583
2 145 977
1 922 787
0 812 122
0 155 220
0 762 345
1 510 289
1 634 41
0 723 691
0 296 581
1 494 843
1 367 710
2 128 318
1 618 370
0 923 916
1 752 733
1 552 629
0 461 208
0 448 292
2 706 749
2 650 424
1 970 783
2 559 842
0 655 832
0 924 124
2 553 488
2 234 301
1 522 873
0 223 969
1 458 833
0 425 54
2 427 854
1 411 130
0 800 246
1 968 908
0 898 150
1 835 25
1 919 356
1 399 374
0 826 576
2 290 87
1 656 114
2 838 144
0 87 735
2 935 717
1 909 119
2 777 27
0 845 843
1 548 731
2 911 800
0 607 164
2 852 318
0 829 407
2 706 225
1 450 210
2 216 975
2 957 318
0 730 295
2 247 601
1 417 477
1 117 289
2 290 410
2 965 970
1 402 26
1 851 312
1 103 438
1 133 508
0 135 148
0 656 986
0 363 388
0 439 69
1 204 355
2 112 886
2 993 617
1 65 597
1 503 992
1 581 331
2 164 426
1 350 180
0 448 851
2 270 607
0 744 87
1 337 894
1 286 355
0 68 262
1 564 753
0 500 416
2 465 964
2 234 486
2 741 560
1 704 589
0 755 698
0 203 571
2 779 587
1 708 666
0 968 314
0 546 301
2 668 897
1 648 221
0 109 963
2 751 498
1 596 119
1 541 858
1 55 440
2 290 451
0 475 609
0 949 1000
0 42 247
2 180 353
0 708 247
0 308 656
1 328 202
2 553 457
0 863 320
1 167 559
1 573 27
0 326 171
0 265 121
2 625 961
1 529 345
1 235 321
2 767 297
1 110 553
1 555 532
2 138 101
2 495 364
0 796 175
0 621 175
2 332 230
2 257 846
1 250 765
1 672 548
0 704 946
0 219 801
0 571 929
1 829 229
2 409 213
1 954 347
0 832 436
0 169 245
1 319 244
2 394 729
1 501 426
2 631 650
2 173 450
0 961 602
1 372 707
0 697 78
2 743 74
1 710 582
0 607 763
1 653 283
0 755 970
2 114 834
2 529 531
2 126 295
1 318 822
0 906 126
1 512 801
2 114 224
0 121 721
0 478 362
1 740 334
2 487 569
1 203 986
1 986 274
0 173 714
2 769 79
1 170 81
1 840 480
2 463 804
0 385 128
0 172 127
2 944 501
0 801 885
1 483 930
2 944 236
0 933 550
0 898 58
1 925 494
1 928 923
1 37 352
1 131 659
2 734 634
1 526 130
0 836 307
1 752 156
0 941 220
0 399 294
2 53 68
0 49 305
1 545 779
2 128 187
2 212 800
2 269 515
0 108 79
1 551 579
0 165 275
2 792 200
2 717 390
2 726 889
2 574 166
0 92 314
2 622 878
2 359 239
1 589 88
1 652 874
2 129 752
2 901 646
0 485 343
1 238 105
0 227 150
2 151 174
1 263 518
1 686 545
2 394 473
2 113 833
1 654 143
1 808 812
2 476 449
2 394 906
0 827 243
2 650 928
0 300 332
2 331 393
0 415 393
2 685 21
0 119 391
0 243 744
0 509 740
1 536 322
2 237 59
1 271 710
1 50 786
2 47 288
1 194 404
0 760 146
1 229 167
1 107 368
2 396 465
2 425 341
0 386 750
1 794 738
0 232 530
1 101 664
2 624 985
0 423 651
1 449 528
2 788 621
2 616 944
0 901 892
2 124 920
2 964 506
0 268 872
2 342 75
2 539 939
0 599 450
0 846 714
1 918 258
2 383 494
1 901 106
1 407 923
0 691 483
2 575 73
2 232 626
0 753 316
2 918 429
2 428 118
1 691 830
0 210 259
1 692 349
0 851 301
0 959 631
2 393 959
1 687 305
1 676 454
2 982 821
2 565 725
1 940 506
2 456 776
2 160 871
2 739 671
2 155 297
0 886 505
2 395 641
1 589 281
1 853 429
2 142 391
0 137 375
1 271 945
1 12 126
0 311 775
0 510 758
0 127 160
0 395 192
0 478 631
0 32 988
1 111 986
2 838 644
1 297 82
0 652 652
1 164 162
1 606 987
1 136 182
2 850 351
1 460 282
2 914 802
1 843 707
0 630 681
0 835 735
1 415 533
1 891 816
2 962 28
2 255 411
0 209 698
2 740 484
1 790 805
2 736 487
0 49 557
0 791 843
0 523 514
2 103 872
1 382 719
2 171 171
0 535 871
1 863 927
1 246 644
1 628 453
1 813 39
1 82 421
0 313 114
2 266 707
1 296 466
0 236 590
1 692 997
0 437 229
1 165 124
0 191 365
2 188 186
0 891 64
2 61 462
0 701 474
0 258 601
1 378 215
2 910 667
2 624 896
0 11 465
1 132 358
1 789 716
1 969 851
0 528 12
2 419 965
0 381 326
0 950 812
0 693 503
1 161 409
2 583 563
2 57 486
0 511 593
1 494 526
2 425 498
2 527 988
1 930 621
0 913 510
2 617 452
0 369 575
0 794 32
1 519 729
0 410 540
1 817 535
2 109 999
1 474 377
2 240 642
1 214 536
0 469 997
1 796 407
2 457 230
2 11 333
0 797 636
2 232 716
2 808 503
2 538 391
1 487 566
1 968 573
2 797 30
2 126 877
0 118 880
1 132 373
1 745 329
0 135 166
0 428 211
2 733 389
2 324 726
0 87 187
0 941 83
2 123 110
0 602 826
0 973 864
0 82 383
2 28 987
0 943 146
0 518 11
1 104 948
2 544 466
1 177 601
0 607 743
2 885 604
1 301 300
2 838 305
2 974 145
0 119 666
1 300 345
2 747 32
0 88 358
0 173 305
1 942 615
0 307 637
2 45 353
0 837 456
0 91 246
1 357 184
2 807 988
1 664 363
0 804 431
2 835 359
1 91 599
1 615 602
1 754 944
2 459 990
1 665 821
1 982 886
2 311 55
2 834 305
0 252 61
2 61 548
0 934 765
0 112 253
2 351 977
1 390 523
2 176 100
0 898 948
1 987 267
1 77 385
2 373 76
2 483 248
2 901 455
1 507 755
2 511 208
2 450 543
1 45 783
0 847 326
1 970 993
2 536 504
0 652 552
0 971 262
1 770 783
1 610 378
2 27 513
0 890 952
2 834 170
2 535 860
1 436 870
2 758 481
1 301 44
1 12 763
1 354 677
1 935 224
1 727 500
2 576 164
1 578 295
1 261 316
0 311 971
2 607 754
0 748 534
2 116 781
1 518 629
0 459 819
2 387 925
0 199 66
1 923 168
0 559 966
0 374 336
1 292 576
1 236 896
2 421 547
1 520 131
0 716 927
1 19 118
1 897 213
0 130 941
1 799 269
1 868 47
2 86 639
2 62 89
1 98 136
1 377 694
0 848 261
0 666 388
2 576 71
2 268 531
2 377 240
0 465 993
0 732 266
1 795 225
2 889 445
2 485 768
1 784 906
1 843 174
2 960 607
1 238 644
2 185 648
2 453 170
0 642 162
2 583 911
1 12 493
1 514 118
0 181 242
1 716 306
0 54 573
2 14 862
0 953 645
1 994 51
1 186 266
2 878 212
2 665 484
1 748 71
2 381 101
0 404 579
2 145 711
0 666 40
2 482 294
1 588 703
1 368 942
0 349 593
2 30 60
1 43 928
1 568 176
1 448 84
1 624 212
0 61 996
1 43 274
2 352 136
2 79 499
0 489 936
1 412 484
0 103 609
1 443 426
2 182 472
1 662 464
1 342 925
1 772 470
1 195 307
2 293 928
0 458 803
1 792 401
0 445 839
0 940 106
2 326 205
0 641 407
2 507 585
1 765 638
2 76 688
2 255 13
0 156 759
2 195 222
1 759 629
2 441 415
0 83 553
0 496 890
0 971 163
2 331 948
2 65 507
2 660 662
2 564 285
2 158 379
1 257 193
0 505 593
0 508 361
2 607 90
2 48 670
1 59 93
0 172 773
2 929 426
0 138 814
0 963 135
0 872 115
2 152 832
1 82 158
0 632 624
1 293 493
0 353 348
0 535 659
0 733 417
1 100 88
1 879 233
0 713 449
0 839 424
2 840 50
1 879 454
1 130 982
0 88 582
1 684 458
2 158 27
0 622 610
0 85 649
0 289 150
2 917 834
0 503 486
1 569 245
1 578 123
1 443 328
2 113 234
1 578 320
1 546 381
2 803 930
2 533 276
0 239 663
2 759 512
1 266 530
1 638 458
1 596 916
0 286 470
0 211 155
1 895 152
0 556 386
1 973 386
2 583 695
0 52 466
0 439 826
1 772 822
2 576 603
1 113 655
1 164 878
2 667 152
2 244 637
0 328 774
1 410 672
1 50 890
2 507 359
1 818 249
0 582 301
1 505 539
0 61 465
1 995 393
0 937 170
0 49 64
1 856 930
2 734 489
0 534 340
2 332 495
2 345 566
0 800 304
0 802 453
2 248 368
1 101 34
2 877 188
2 303 414
0 558 442
2 250 785
1 20 162
2 589 712
1 77 51
0 818 411
0 45 892
1 743 635
2 319 283
2 936 11
0 974 638
2 721 80
0 778 412
0 502 733
2 906 66
1 723 373
1 514 119
2 739 157
0 233 714
0 934 484
0 556 691
2 982 660
2 653 362
2 934 727
2 122 411
1 361 960
1 756 77
0 163 929
0 670 877
2 297 295
0 362 790
1 849 76
2 932 404
1 106 180
0 727 247
1 530 927
0 506 964
0 526 721
0 825 277
1 34 598
0 731 741
0 414 943
0 879 473
0 555 812
0 65 106
2 247 496
1 713 698
2 17 565
2 45 182
1 779 885
0 864 779
0 275 942
0 793 628
1 957 973
1 992 124
0 165 66
1 465 383
2 742 335
2 373 488
2 228 722
0 962 966
0 250 561
0 123 850
0 800 619
2 915 247
2 603 858
1 506 708
1 833 974
2 859 191
0 355 270
1 456 844
2 182 41
1 719 830
1 848 445
1 752 104
0 878 168
0 19 188
2 249 184
0 638 639
1 416 446
1 675 808
1 378 165
1 728 942
0 928 564
0 937 469
1 852 169
0 799 251
1 902 774
1 645 389
1 110 549
0 382 488
0 488 528
0 668 814
0 392 281
2 894 472
2 206 860
1 113 60
1 207 590
2 406 921
0 212 893
2 620 673
0 815 159
0 663 243
1 141 70
2 524 271
2 743 394
0 618 64
2 799 542
2 346 20
0 552 404
2 534 430
1 617 318
1 674 729
1 720 321
1 618 83
2 796 460
0 166 914
1 692 796
2 868 391
0 489 342
1 669 66
2 754 31
2 779 691
2 251 107
1 281 753
1 297 171
1 169 38
0 114 187
1 436 126
1 22 439
1 544 90
2 381 337
2 813 491
0 725 327
2 743 327
2 315 229
0 490 449
1 464 510
1 994 124
2 199 241
1 180 534
1 373 915
2 413 838
0 395 487
2 101 811
0 741 617
0 380 967
1 154 339
0 991 998
1 128 846
0 550 410
2 125 685
2 256 57
1 938 319
2 945 437
1 74 722
0 332 225
1 740 406
2 352 573
2 115 803
2 412 305
1 215 271
2 617 175
1 500 932
1 903 134
1 909 717
2 259 72
0 78 278
2 171 397
2 851 127
0 940 135
0 339 425
1 45 15
1 999 452
1 113 244
2 722 152
2 588 995
1 415 842
2 202 637
0 594 949
0 590 682
2 369 283
2 253 1000
0 699 193
0 235 711
0 944 968
1 769 407
1 732 362
1 588 797
0 294 313
0 275 515
2 750 924
1 746 396
0 597 557
1 392 951
1 178 271
1 883 56
0 740 992
2 872 284
2 877 335
1 265 510
2 155 961
0 961 888
0 561 891
1 794 991
2 575 248
0 230 359
2 41 344
2 368 12
1 195 701
0 28 593
1 47 892
2 828 403
2 976 429
2 348 911
0 734 702
2 988 970
0 384 437
2 432 269
0 730 534
0 771 922
2 652 987
0 539 851
2 880 187
0 849 908
1 23 466
0 674 739
2 608 265
2 415 493
1 802 816
1 896 326
2 307 424
1 232 315
1 149 484
1 496 315
0 251 674
1 556 554
1 881 800
2 309 319
1 186 648
0 612 882
2 314 194
0 776 848
0 973 348
2 541 678
2 341 969
2 973 822
2 869 952
0 689 647
1 279 57
0 510 469
0 511 805
1 735 271
0 679 520
1 793 542
2 743 947
2 886 435
1 353 689
2 903 387
2 975 104
0 523 208
0 254 404
1 614 684
0 142 856
0 225 212
2 390 135
0 565 663
1 604 248
0 853 617
1 691 795
0 94 64
2 496 722
2 25 156
0 403 751
2 895 17
2 960 456
0 459 635
0 141 180
2 368 919
1 55 395
0 53 589
2 351 655
1 262 287
2 441 76
1 397 466
2 830 576
2 201 94
1 461 764
0 295 640
0 232 995
2 767 823
1 655 107
0 957 222
0 834 323
1 493 291
0 191 320
0 259 838
1 913 244
0 834 496
2 333 302
0 849 135
1 232 416
2 71 669
0 880 971
1 719 456
0 433 840
1 60 111
0 450 446
1 717 97
1 768 551
1 719 969
2 407 222
1 172 991
2 878 691
0 468 547
0 699 550
2 373 615
0 337 309
0 854 787
2 560 496
0 763 103
0 192 191
2 630 279
2 945 564
2 443 196
2 478 841
1 728 36
2 296 549
0 187 141
0 268 571
0 752 569
2 402 84
2 419 869
0 20 728
0 77 45
1 626 322
2 315 66
2 180 333
0 532 252
0 31 139
1 480 737
0 421 515
1 890 720
0 591 19
2 991 424
0 350 571
0 102 349
1 78 377
0 451 586
2 123 818
0 451 460
0 984 688
2 594 699
2 501 720
1 853 725
2 600 986
2 93 968
2 667 558
1 989 750
0 904 184
1 891 928
0 136 469
0 409 114
1 169 768
0 498 591
1 543 433
0 974 103
1 109 862
0 460 489
1 898 401
0 271 893
2 167 94
2 854 848
2 90 59
0 515 689
1 797 419
0 151 745
2 117 306
2 722 737
2 112 861
1 752 367
1 116 268
1 657 340
1 841 174
2 331 815
0 770 905
0 734 21
2 477 825
1 356 289
1 596 111
0 725 261
1 868 708
2 944 312
2 820 170
1 965 434
2 942 567
1 563 40
2 604 945
1 868 447
2 738 341
1 908 851
2 806 325
2 960 853
0 386 65
1 158 447
0 416 559
0 150 985
1 564 103
1 840 462
0 211 331
0 968 594
1 172 108
1 961 570
1 826 285
0 435 91
0 31 319
0 259 214
1 959 143
0 948 180
2 914 60
2 898 785
1 191 210
1 688 216
2 20 757
0 86 833
2 778 641
0 707 138
2 231 862
2 746 897
1 966 176
0 306 878
2 725 242
2 449 18
0 786 976
0 799 311
2 900 240
1 475 83
2 130 202
2 965 752
1 346 878
1 624 391
1 166 533
0 917 514
2 33 527
0 996 239
2 835 73
1 760 730
2 171 872
1 711 218
1 519 621
1 583 118
1 178 593
2 1000 144
2 685 603
2 966 127
1 798 878
2 277 125
1 888 512
1 207 822
0 116 933
1 938 648
0 243 778
2 122 357
2 885 308
2 944 452
1 321 934
1 376 898
2 785 269
1 858 30
2 931 537
2 868 706
1 92 818
1 693 440
2 179 988
0 72 725
0 163 512
2 207 801
1 430 877
0 965 91
2 570 667
2 11 531
1 744 847
2 767 103
2 709 717
2 115 370
1 357 73
0 218 817
0 283 450
1 281 394
2 998 189
0 524 609
1 383 862
1 276 886
1 198 708
1 230 239
0 542 595
2 340 995
2 460 368
2 498 589
2 485 951
1 713 570
1 990 289
2 633 126
2 283 107
1 592 30
1 408 633
0 718 407
2 464 846
2 601 823
2 158 427
2 358 666
1 374 249
1 666 520
2 457 255
2 541 740
1 830 119
2 177 836
1 627 472
2 288 136
2 492 52
0 386 691
1 921 841
1 697 893
2 241 23
2 76 887
2 834 849
1 995 296
2 288 681
0 23 281
1 38 1000
0 576 455
0 710 478
0 718 455
0 146 617
2 67 981
0 596 745
2 281 951
2 652 520
1 552 217
2 513 416
1 247 313
2 147 114
2 761 755
0 557 455
2 827 755
1 460 925
2 647 419
2 126 14
1 420 904
0 830 996
0 823 457
2 360 949
0 514 75
1 354 213
2 312 426
2 10 328
2 670 592
2 867 769
0 904 475
2 142 566
0 488 440
2 625 980
0 666 755
0 661 725
1 794 73
1 955 349
2 666 226
2 908 638
2 392 636
1 870 12
0 806 882
0 88 973
0 849 775
1 510 119
1 531 965
2 479 19
0 295 181
2 575 444
2 83 50
0 486 739
0 431 924
1 685 401
1 60 32
2 597 829
1 120 916
0 486 204
0 45 869
1 675 299
2 675 771
1 15 958
1 935 140
2 782 48
1 640 526
0 20 363
0 155 620
0 877 343
0 416 834
2 101 822
1 654 437
0 209 491
1 180 698
1 537 77
2 47 984
0 360 430
1 356 59
0 949 172
2 875 861
0 687 649
0 92 295
0 410 207
1 19 932
2 88 318
0 261 825
1 78 576
0 942 244
1 237 200
1 188 320
1 514 151
1 186 130
2 937 556
1 830 95
1 270 394
0 328 197
1 253 35
1 770 309
1 421 597
1 897 857
2 132 911
0 520 816
2 329 611
0 45 89
1 115 535
0 278 904
0 635 425
0 35 633
0 335 347
2 474 342
0 592 292
2 378 1000
0 286 608
1 948 621
0 112 684
0 948 235
1 14 199
2 86 985
0 570 754
1 334 59
2 832 54
1 400 590
2 297 347
0 906 412
0 998 870
0 60 147
2 119 36
0 370 236
2 308 388
2 443 970
2 896 344
2 266 431
2 982 253
0 634 660
2 730 866
2 21 662
1 538 977
2 665 592
1 795 871
1 520 347
1 269 745
1 410 183
1 879 21
0 977 868
2 764 251
0 108 629
0 702 910
2 314 208
0 997 495
1 327 434
0 502 125
1 379 491
1 742 430
0 552 611
1 806 787
0 992 621
1 278 54
1 909 690
1 743 501
2 964 621
0 752 625
0 358 908
2 46 753
0 240 302
0 379 751
0 232 650
2 761 860
2 713 386
2 733 487
2 567 569
1 816 461
0 362 374
2 194 954
0 930 635
1 798 882
2 237 324
2 992 583
2 131 580
2 142 205
0 140 477
0 182 747
0 146 633
2 587 661
1 310 772
1 642 745
2 496 515
1 932 936
0 849 427
0 135 231
2 15 211
2 365 388
1 666 903
0 411 293
1 179 221
0 271 837
2 387 811
0 615 977
0 282 944
0 666 159
2 832 860
2 587 91
2 986 757
2 919 719
2 848 411
2 228 371
1 827 585
2 202 826
2 61 634
2 907 672
0 980 478
0 939 945
0 634 463
2 715 602
1 681 720
2 837 697
0 700 455
0 498 976
1 989 105
1 341 492
1 129 874
0 882 830
0 637 572
2 682 488
2 992 715
1 437 793
1 504 920
1 678 576
2 421 481
0 83 241
0 932 701
1 928 212
2 36 61
1 454 233
0 999 281
2 393 897
0 304 471
1 866 495
0 384 594
2 312 849
1 565 731
0 471 531
1 966 813
2 566 445
0 936 349
1 147 994
2 931 523
0 262 527
1 529 271
0 389 333
2 775 691
2 288 773
1 904 955
2 80 882
1 954 201
2 772 971
0 906 663
2 648 397
2 116 848
2 499 422
2 327 950
2 851 534
1 669 244
2 427 121
2 538 416
1 190 902
0 803 324
2 947 288
1 606 448
1 616 177
1 901 22
0 648 119
0 192 130
1 312 341
1 423 559
1 352 886
1 769 419
0 51 997
2 440 288
2 903 970
1 855 387
0 595 238
0 837 811
2 495 814
1 406 924
0 822 450
1 150 30
0 646 791
0 477 878
2 826 940
1 24 74
0 171 196
0 408 460
0 689 540
2 966 66
2 16 21
0 986 649
0 705 742
0 731 12
0 369 625
0 856 721
2 515 966
0 889 730
2 108 877
2 117 757
0 982 444
1 204 691
1 851 573
0 1000 357
2 754 703
0 466 275
0 815 614
0 178 894
2 943 74
1 711 136
2 93 184
0 927 960
0 837 343
0 69 214
2 625 795
2 753 423
1 493 71
0 330 572
1 232 767
2 638 877
1 800 172
0 474 586
2 354 103
0 110 568
1 661 491
0 445 492
0 935 784
1 54 239
2 295 676
1 743 709
2 869 47
1 923 297
2 869 901
1 225 970
1 757 631
1 501 569
2 424 264
2 930 848
2 888 631
2 933 974
2 394 794
0 648 764
0 850 808
0 842 198
1 473 805
1 109 138
0 271 936
0 371 627
1 434 537
2 900 844
1 87 494
2 180 631
0 147 357
1 648 367
1 149 871
0 875 522
2 66 648
0 40 555
2 341 254
1 26 77
0 794 408
0 538 373
0 185 538
1 339 541
0 403 27
0 269 751
1 502 409
0 391 930
2 304 128
1 75 349
0 738 238
1 143 463
0 886 799
0 689 1000
1 471 790
0 541 781
1 713 182
1 648 15
0 322 630
1 242 595
1 235 177
2 976 868
2 397 728
2 894 203
2 980 252
2 503 519
1 377 74
1 485 130
0 827 283
1 77 291
1 331 994
2 500 635
0 121 52
0 436 458
2 807 552
0 667 858
2 743 948
0 526 232
2 790 253
1 285 316
2 920 365
2 369 227
2 165 450
1 799 302
1 419 570
0 532 189
0 369 910
1 175 810
1 550 601
1 779 535
2 674 851
1 871 516
2 446 927
2 133 542
2 199 960
2 329 514
2 12 237
1 986 769
1 276 367
1 493 78
1 923 570
2 522 574
1 514 840
2 190 529
0 862 641
1 720 290
1 230 321
2 585 190
2 374 859
0 580 707
1 31 993
2 609 770
2 714 779
2 455 778
2 975 162
1 62 153
1 547 844
2 992 126
2 422 284
1 90 470
0 36 240
1 659 842
1 260 388
0 114 21
1 595 836
1 454 110
2 635 174
1 837 214
1 527 436
2 16 129
1 59 409
0 532 193
0 96 413
1 428 580
1 744 883
1 336 145
0 829 696
0 131 567
0 478 51
1 124 182
1 909 674
1 376 388
1 624 737
2 734 495
1 214 82
0 902 662
1 159 511
1 913 767
2 594 334
0 252 921
1 123 712
0 173 192
2 218 43
0 616 770
0 103 407
1 135 156
1 679 712
1 798 632
0 24 259
2 505 832
2 467 245
1 917 671
2 127 945
0 483 958
0 14 185
1 373 716
1 316 983
2 779 725
2 232 352
2 403 146
1 998 709
1 408 281
2 633 147
1 85 324
0 992 546
1 227 480
1 380 662
2 912 335
2 531 553
2 189 516
1 661 603
0 927 513
1 583 75
2 62 326
0 756 221
2 818 692
1 15 16
1 908 863
2 57 727
2 842 431
0 507 374
1 582 362
2 888 107
0 167 387
1 110 570
0 873 978
1 411 688
1 93 346
0 380 648
2 468 184
0 843 298
1 360 374
2 338 546
0 521 286
0 913 504
0 609 474
2 637 124
2 470 926
2 498 346
2 85 577
1 463 310
0 265 164
2 444 538
0 586 767
1 909 836
2 567 67
2 302 320
0 76 94
1 627 555
0 267 534
1 383 84
0 593 220
0 365 614
1 34 913
2 96 374
0 85 170
0 796 904
0 944 562
2 459 260
1 926 761
1 577 814
2 235 201
2 117 692
2 676 656
1 891 709
2 249 324
1 625 272
2 12 234
1 553 928
1 158 534
0 365 306
0 21 77
2 230 185
1 924 892
0 660 628
0 753 528
2 56 539
1 367 423
1 556 262
2 198 437
2 82 489
1 848 402
0 858 735
2 464 676
1 394 522
2 365 290
0 167 826
2 359 200
1 559 172
2 861 75
1 212 495
2 224 211
0 938 339
0 330 352
0 983 973
1 327 716
2 15 103
0 611 815
0 85 914
0 939 398
0 337 492
2 111 911
2 917 337
0 540 442
0 483 100
0 992 341
0 463 418
2 369 229
1 314 588
0 570 902
2 630 479
1 17 530
2 821 871
2 188 426
1 308 734
1 110 942
2 522 509
2 165 377
2 811 242
0 233 981
1 862 907
0 209 685
0 408 512
2 574 599
2 252 566
1 570 953
2 12 742
2 372 815
2 326 341
1 263 475
1 439 696
2 345 419
2 338 973
2 494 453
1 787 92
2 902 82
0 798 119
1 490 862
0 416 258
1 975 479
2 803 515
1 39 750
0 975 179
1 920 508
2 797 727
0 40 321
1 396 733
1 456 258
1 503 884
0 655 135
2 757 348
2 301 488
1 935 235
0 283 40
2 286 519
1 454 824
2 476 773
0 630 413
2 636 65
0 685 476
2 255 726
0 147 408
2 683 301
0 23 304
0 657 168
2 901 624
0 586 279
2 680 985
1 751 859
0 408 693
1 47 811
1 595 339
2 448 731
2 113 155
1 629 677
1 924 296
1 850 201
0 885 603
0 130 174
1 454 585
0 769 724
2 810 595
0 143 826
0 542 774
0 250 736
2 540 141
2 416 127
0 485 968
1 933 44
0 600 565
1 24 797
2 519 911
0 660 723
1 48 251
1 735 191
0 826 70
2 792 622
0 747 140
2 466 827
0 988 476
2 157 752
2 961 769
1 782 404
0 282 972
2 870 833
1 498 49
1 121 233
1 956 895
2 328 637
2 657 41
2 477 257
0 660 359
2 914 191
0 601 573
0 833 948
2 914 489
2 470 253
0 276 737
1 480 671
0 902 497
1 265 12
0 48 954
2 398 254
2 191 763
1 490 165
0 820 952
2 619 918
1 265 249
0 170 77
1 206 285
1 27 814
0 479 639
2 728 426
0 621 158
0 384 176
1 981 145
1 257 808
2 1000 327
0 750 512
1 505 95
2 352 475
1 174 81
2 16 110
2 33 203
1 536 278
1 712 439
1 511 935
0 193 375
1 309 228
0 592 28
0 276 631
0 905 455
2 88 162
2 659 499
1 205 507
2 147 214
1 196 133
0 664 200
2 583 478
0 545 970
0 195 374
2 89 450
0 635 1000
2 382 81
1 135 33
2 427 235
0 42 467
1 313 493
0 600 293
0 496 985
0 122 379
1 517 966
2 554 114
0 29 66
2 851 548
0 442 636
2 892 823
1 806 358
1 783 655
2 202 174
1 154 651
2 522 103
1 452 740
1 41 613
0 1000 456
2 918 197
1 761 236
1 538 894
1 14 724
0 624 700
0 973 668
1 399 142
1 398 870
2 107 955
0 710 122
0 285 477
0 31 236
2 263 867
2 410 581
2 327 810
1 103 235
1 382 466
1 962 632
2 376 447
2 268 826
1 938 728
1 318 493
0 476 235
1 59 593
0 582 252
2 791 387
2 929 803
2 514 250
2 32 789
0 283 974
0 242 145
2 656 916
1 683 934
1 423 606
2 22 53
0 64 90
0 730 653
1 699 514
1 561 313
0 425 697
0 464 717
0 355 182
2 106 401
2 112 207
2 231 674
0 806 122
2 62 729
1 371 435
2 586 879
2 957 730
2 806 592
1 935 962
0 192 812
2 966 892
2 334 755
2 621 157
1 12 991
2 912 904
1 543 140
0 736 620
0 544 427
1 447 271
2 914 237
2 706 510
0 117 628
0 980 644
2 817 498
2 498 405
2 61 703
0 156 206
2 532 415
2 118 250
0 254 233
2 499 184
0 439 473
2 680 464
2 389 508
0 953 87
2 486 869
1 242 74
0 634 803
1 561 30
0 787 192
0 806 617
0 923 959
2 826 383
0 941 434
0 882 748
0 953 600
0 468 771
0 765 917
2 886 23
2 567 686
0 507 487
1 305 636
2 159 398
0 261 365
2 361 327
2 270 446
0 171 448
1 968 656
1 487 522
1 572 876
0 739 850
0 343 198
2 105 315
2 117 256
1 208 971
0 771 101
1 632 617
1 331 25
2 635 769
1 738 736
1 690 444
1 128 989
2 826 549
1 658 953
0 816 811
0 782 226
0 382 186
1 823 662
1 655 103
2 990 326
2 502 110
1 277 481
2 578 298
2 778 48
1 680 889
1 321 806
2 694 521
0 534 367
2 311 43
1 757 293
1 433 358
1 931 393
1 575 89
2 955 302
1 706 971
0 123 865
0 356 76
0 178 158
1 381 628
2 78 537
2 765 394
0 807 477
1 666 758
0 571 263
2 203 395
1 42 273
1 649 94
2 477 546
1 470 736
0 269 970
1 694 33
1 956 941
0 423 690
0 421 258
0 217 804
0 850 874
1 820 494
0 387 581
2 780 552
0 529 287
2 871 734
2 603 931
1 600 435
2 868 630
0 888 725
2 724 378
0 792 932
2 72 337
2 856 301
1 202 452
2 472 983
1 734 537
1 440 790
1 57 77
2 764 281
1 495 630
0 475 354
2 789 39
1 380 34
0 476 21
1 656 289
2 394 780
2 900 535
1 964 351
2 117 79
2 191 586
2 568 927
1 594 451
1 759 737
2 901 783
1 595 519
0 965 968
1 794 129
1 852 663
2 525 725
2 944 392
0 168 328
1 909 748
1 257 726
0 195 884
1 791 517
1 562 337
2 854 966
0 216 821
1 660 635
2 163 374
1 353 388
0 58 616
0 497 922
0 774 476
2 571 790
1 993 18
0 238 83
1 241 968
1 450 389
1 458 145
1 209 66
0 47 130
2 606 475
1 171 591
1 862 330
1 847 383
2 477 339
1 568 350
0 162 842
0 834 879
2 290 447
2 611 157
1 189 930
1 120 669
2 493 603
0 434 205
0 623 263
1 504 972
2 236 397
2 735 658
1 211 661
1 851 414
1 211 225
0 861 339
1 898 397
0 821 39
2 17 428
1 368 283
2 396 316
0 434 661
0 792 514
2 828 829
1 340 22
0 281 328
1 59 239
0 760 616
1 428 229
1 808 144
0 72 629
1 434 841
0 440 876
0 403 240
2 942 734
1 349 26
0 275 287
2 947 199
1 402 447
0 336 111
1 609 418
2 883 24
0 529 689
2 849 538
0 65 145
1 960 641
1 236 714
1 964 577
1 653 448
0 348 908
2 982 860
0 77 705
0 154 87
0 961 593
1 399 587
2 323 779
2 346 538
2 340 471
0 225 857
1 16 878
0 540 879
2 772 729
1 731 109
1 697 676
1 423 84
2 800 470
2 388 608
2 512 989
1 552 292
1 696 845
1 996 51
0 333 831
1 910 795
2 209 100
2 261 477
1 414 736
2 35 808
0 906 292
2 750 320
0 20 434
0 301 212
2 929 893
1 37 215
0 461 230
2 275 342
0 559 499
0 91 50
0 477 435
1 47 509
2 137 872
2 558 650
0 140 193
1 635 170
2 686 247
0 392 645
0 401 354
0 377 859
1 785 203
1 259 325
1 810 149
0 713 520
0 620 814
0 125 846
1 507 212
2 15 107
1 550 44
1 401 224
0 85 690
0 775 352
0 226 431
0 297 696
2 839 558
2 332 912
2 794 262
2 677 348
2 611 857
0 223 718
1 46 495
2 170 558
0 415 75
1 728 377
1 705 229
2 169 48
2 947 760
2 362 795
2 850 738
1 61 470
1 364 662
1 453 617
0 87 60
2 618 255
2 24 250
0 708 620
0 26 307
0 848 455
1 382 10
2 204 956
2 61 212
1 20 325
0 324 197
1 847 880
2 691 728
2 988 682
0 653 647
1 859 100
2 733 721
1 244 788
1 787 442
0 678 946
2 806 58
0 164 947
0 222 60
1 636 95
1 912 664
0 474 98
1 60 642
0 171 506
0 215 143
2 574 898
2 872 951
0 398 744
2 687 973
0 290 488
2 680 995
0 711 691
2 528 259
1 749 944
0 610 907
0 402 617
0 213 419
1 81 623
0 501 359
0 645 914
2 284 660
2 396 42
1 708 702
2 63 912
2 844 82
0 800 110
2 809 931
0 59 852
2 383 947
0 834 495
2 12 784
0 426 373
1 404 63
1 173 908
2 462 180
2 50 612
0 770 336
0 260 416
2 682 223
2 591 837
1 788 961
0 955 522
0 940 657
1 493 422
1 996 692
2 482 896
1 170 34
2 290 908
0 155 499
1 706 944
1 335 685
1 480 63
0 285 762
2 908 593
1 438 655
0 709 463
1 338 634
0 770 718
0 380 17
2 946 95
2 865 195
2 284 362
0 822 192
0 853 220
0 733 298
1 81 285
1 697 973
0 508 486
1 921 634
0 550 385
2 778 809
1 90 53
0 575 32
0 964 475
1 994 376
0 706 558
2 872 698
1 42 117
2 487 723
2 606 550
0 983 547
0 876 76
2 558 71
0 75 71
0 302 595
1 860 371
0 237 179
2 135 104
2 29 748
1 221 928
1 819 811
2 726 523
1 922 744
0 361 695
0 34 72
2 417 948
2 648 282
1 328 167
0 831 305
1 756 696
0 690 332
2 128 491
2 493 193
1 55 144
1 770 922
2 881 112
2 619 664
2 838 588
1 646 906
1 176 876
0 444 142
0 986 72
0 347 534
1 183 922
0 695 182
1 333 515
2 743 32
0 204 782
2 14 476
0 816 281
1 595 218
2 622 295
2 760 725
2 888 508
1 107 836
1 680 214
2 737 252
2 878 726
0 771 189
0 978 102
0 293 912
1 550 41
0 64 323
2 334 570
2 939 46
1 55 414
2 991 562
1 271 72
0 423 889
1 102 674
2 800 466
2 761 165
0 324 644
0 305 689
1 487 885
2 303 189
0 59 790
0 651 99
1 966 432
0 951 44
2 260 24
1 605 497
0 770 823
1 35 266
1 47 680
1 360 82
2 955 979
0 64 897
1 775 361
1 635 215
1 68 651
2 244 533
1 939 334
1 652 468
2 687 55
1 651 967
0 165 108
2 256 649
0 494 655
1 383 682
1 401 687
2 537 142
2 349 797
2 459 419
2 414 844
1 778 33
2 379 688
0 483 364
1 245 371
1 77 911
1 137 528
0 861 697
0 217 194
2 162 789
1 766 11
2 356 760
2 45 262
1 772 793
1 872 302
0 126 554
2 612 406
2 678 465
2 196 42
2 516 411
2 893 249
1 525 389
2 231 51
0 164 898
2 940 709
0 133 871
0 153 269
0 109 498
0 387 685
0 528 678
0 829 189
2 606 733
0 243 266
0 991 113
0 945 220
2 245 497
0 781 297
2 624 643
1 844 311
1 264 456
2 430 546
1 180 578
2 918 956
0 48 316
2 756 10
1 992 646
2 122 181
0 538 652
2 224 980
1 495 906
0 163 767
1 287 314
0 613 980
2 345 329
0 972 186
0 914 746
0 648 940
1 668 853
0 558 39
1 848 758
0 268 958
0 621 117
0 111 402
0 440 362
2 291 315
0 666 356
1 680 509
1 746 814
0 304 541
2 300 833
1 402 394
1 747 582
1 321 473
2 56 511
2 520 65
1 124 504
0 920 40
0 283 752
1 731 203
1 763 407
1 492 180
0 573 235
1 488 137
0 861 771
0 883 378
1 938 335
2 28 464
2 269 224
0 726 685
2 295 813
1 488 553
1 975 456
2 71 163
2 875 780
2 873 910
0 564 160
0 825 649
0 952 426
2 115 792
0 958 996
1 693 861
2 901 749
1 519 587
2 459 102
1 163 251
0 40 724
0 709 472
1 711 27
0 189 656
2 316 808
0 454 195
2 538 717
2 267 76
0 386 952
2 177 858
2 166 679
1 481 489
0 626 989
0 270 390
1 831 30
1 861 989
2 795 725
0 151 768
1 389 946
2 476 740
0 516 43
2 25 498
2 418 823
2 602 337
0 21 551
1 303 771
0 102 395
0 761 391
2 11 241
1 681 159
1 14 605
0 133 749
1 322 266
0 302 470
0 883 354
0 857 958
0 818 809
2 329 97
1 834 763
1 463 327
0 253 192
0 868 615
1 969 980
0 391 611
1 143 155
1 621 230
0 253 433
0 59 181
0 984 526
0 739 280
1 403 433
2 715 767
1 744 857
0 774 784
2 175 561
1 683 479
1 684 523
0 644 61
0 804 691
0 151 393
2 627 522
0 474 282
0 577 818
0 343 893
2 32 157
0 166 199
2 388 381
0 827 430
2 811 713
0 355 545
2 916 751
2 126 658
2 500 600
2 830 242
0 924 757
0 987 941
2 951 475
2 834 300
1 536 742
2 287 745
0 147 399
0 572 822
2 903 852
2 528 137
0 961 60
1 895 247
1 894 758
2 995 762
2 545 714
2 35 564
2 546 539
0 871 710
1 526 332
2 20 966
1 19 195
2 12 25
2 626 607
1 170 94
0 782 890
0 462 474
1 864 820
2 399 611
2 307 188
0 228 975
1 764 434
0 741 984
0 565 658
2 422 325
1 331 807
0 900 735
1 848 851
0 129 625
1 943 762
1 94 464
1 888 692
0 301 835
0 947 159
0 955 935
2 484 908
2 913 910
0 192 895
2 218 436
0 736 687
0 581 338
0 304 307
1 231 123
2 742 562
0 80 122
1 95 138
1 667 405
2 796 793
2 843 285
2 822 240
0 202 218
1 366 92
1 865 189
2 916 662
0 582 905
2 523 871
0 581 349
0 776 465
2 753 795
1 121 204
0 244 100
1 561 404
2 639 626
2 879 917
1 721 325
2 998 684
1 777 278
2 261 149
1 385 217
0 465 235
0 656 140
1 300 490
1 929 352
2 252 728
0 580 611
2 52 223
0 759 365
0 177 108
2 997 905
0 240 468
0 636 604
2 378 289
2 814 630
2 890 988
0 631 943
2 197 602
1 62 218
1 555 177
0 801 432
2 742 928
1 186 708
1 325 225
0 85 151
1 531 551
2 635 747
0 102 277
2 32 502
0 547 338
0 991 104
0 769 834
2 325 770
0 931 681
0 20 219
1 236 708
2 936 24
0 109 831
1 149 331
0 405 567
0 426 536
0 873 588
0 675 841
0 393 294
2 492 998
2 469 856
0 917 302
0 53 915
1 609 548
1 646 522
1 333 707
2 49 651
2 205 970
0 360 314
1 947 683
0 724 944
0 73 794
1 209 770
0 908 196
0 292 889
1 417 339
2 572 444
1 85 989
1 176 36
0 613 209
0 167 337
1 217 681
2 609 725
1 753 336
0 789 387
0 614 430
2 959 133
0 408 239
0 462 407
2 690 611
0 273 555
2 305 376
0 189 455
2 999 23
2 556 259
1 590 108
1 22 923
0 673 809
0 763 442
0 430 485
2 232 491
0 720 811
2 549 971
2 459 623
1 62 740
0 63 839
2 830 134
0 356 955
2 939 410
2 208 11
0 479 818
2 290 975
2 723 941
1 802 480
2 856 811
2 848 619
1 626 732
2 645 706
1 440 142
0 740 185
2 866 875
2 768 311
0 282 199
0 661 264
0 515 372
1 199 710
1 870 919
1 921 230
2 869 297
1 534 924
1 141 911
1 65 525
1 682 965
0 110 806
1 239 877
1 613 358
1 721 642
0 428 342
0 222 330
0 557 226
1 465 531
2 901 747
0 386 287
0 21 516
2 258 339
1 509 537
2 937 80
0 334 259
1 456 497
2 989 190
1 899 435
1 585 562
0 632 821
2 280 34
2 584 867
0 672 438
2 433 387
2 422 461
1 531 866
0 905 194
0 412 443
2 87 424
1 931 498
2 819 321
1 845 510
0 696 233
2 399 535
1 161 130
1 652 421
2 889 89
0 122 65
1 317 333
1 21 315
2 48 329
2 262 152
0 885 302
2 457 281
0 859 223
1 796 994
0 536 986
2 290 47
0 393 222
2 485 270
1 227 735
2 691 527
2 289 502
1 476 248
2 432 511
0 575 857
2 808 333
1 187 712
0 36 50
1 58 843
1 299 822
2 479 723
1 648 407
0 389 314
2 48 67
2 957 464
1 761 901
2 642 438
1 117 495
2 606 23
1 224 412
0 572 794
2 28 58
0 134 34
0 141 923
2 278 190
0 254 731
2 177 711
2 542 36
1 331 666
1 922 68
1 944 723
2 760 74
0 459 152
1 780 280
2 90 145
2 857 173
1 374 448
1 875 901
0 36 668
1 334 211
0 989 301
1 33 263
2 344 585
0 632 982
1 210 84
2 557 126
1 357 658
2 430 987
2 934 64
2 224 215
0 462 738
1 675 246
2 572 515
0 777 699
2 668 568
1 282 490
2 363 413
2 995 454
1 901 715
0 327 920
1 604 412
2 827 495
2 93 687
1 875 776
0 547 877
2 833 243
1 678 762
1 96 349
1 785 53
0 376 756
0 891 43
2 924 532
0 337 198
1 574 177
1 784 321
0 453 907
1 234 704
2 222 158
2 292 360
1 856 467
0 838 338
0 506 294
0 654 405
0 875 457
2 709 93
0 463 159
1 55 728
1 148 667
2 597 509
1 257 601
2 835 707
1 773 804
1 326 868
0 177 766
0 99 625
0 566 502
1 142 794
1 98 457
2 724 901
2 53 24
1 515 419
0 789 914
0 750 658
0 338 978
0 367 720
2 196 672
2 438 180
0 585 975
0 836 164
1 856 300
0 548 667
1 813 676
1 317 896
1 319 866
0 206 111
2 454 69
2 385 43
0 322 769
2 87 855
1 971 877
0 170 436
2 190 756
2 366 164
2 698 410
2 930 278
2 119 232
1 895 940
1 664 681
0 886 955
0 940 555
1 12 126
2 503 438
0 215 500
2 671 363
2 914 193
1 790 654
2 996 638
0 592 102
2 996 845
1 897 277
2 757 857
1 895 858
1 257 570
1 599 135
2 278 339
0 812 818
2 529 402
2 726 458
2 365 710
0 423 306
0 135 489
1 586 591
2 839 655
2 539 360
2 989 969
2 767 957
1 892 299
0 261 229
1 297 892
0 299 117
2 484 236
1 557 571
0 308 364
0 777 87
0 914 99
1 137 848
2 968 22
0 135 472
0 911 110
2 159 314
2 527 871
1 57 583
0 633 970
1 403 95
2 867 345
2 748 483
1 244 645
2 971 865
1 967 200
2 731 861
0 348 147
2 341 662
2 434 192
1 221 295
2 896 468
1 417 609
1 119 916
2 908 390
2 168 704
2 248 133
0 353 172
2 697 719
1 396 91
0 888 526
2 110 19
0 134 983
0 93 621
2 395 796
1 618 940
1 93 764
2 663 995
1 396 518
2 636 156
0 57 283
0 713 413
2 782 151
1 167 976
2 436 138
2 634 341
0 931 972
2 314 468
1 634 549
2 374 446
1 321 892
2 532 996
1 702 492
0 630 786
2 487 182
1 598 350
2 886 235
2 867 863
0 573 534
0 182 447
0 155 391
1 321 113
2 691 901
1 302 72
0 686 97
0 600 414
2 590 14
2 443 663
1 426 646
0 849 285
0 693 336
2 113 592
2 133 593
1 910 592
2 166 715
2 972 384
1 942 787
2 194 544
1 916 790
0 299 861
0 677 712
2 68 904
1 550 570
2 254 533
0 647 685
2 725 366
1 758 974
0 915 863
2 73 798
1 784 864
1 170 529
1 588 414
2 609 253
0 237 449
1 880 137
0 487 248
1 43 560
1 359 105
1 896 601
0 449 41
2 115 607
1 56 261
2 310 772
0 208 190
2 623 399
2 121 345
1 755 481
0 614 839
2 582 925
0 30 482
2 20 280
2 919 137
2 949 324
0 835 235
1 572 181
1 454 511
1 296 279
1 88 266
0 966 965
0 448 770
2 10 600
2 736 831
2 746 874
0 796 768
2 338 586
1 451 197
2 964 475
2 275 895
2 344 559
2 217 780
1 397 154
0 970 911
2 105 508
0 164 352
0 120 758
2 347 69
2 599 576
1 705 368
2 597 617
1 495 569
0 821 182
0 146 946
2 287 316
2 691 276
2 70 470
2 508 831
1 907 44
0 958 125
0 834 172
1 466 644
2 673 422
1 560 252
1 662 394
0 659 445
1 416 962
0 929 631
0 115 675
0 104 686
0 212 73
1 699 217
0 434 631
1 611 648
2 985 731
2 506 522
2 756 303
2 813 359
1 250 292
1 804 164
0 15 674
0 47 250
1 177 250
1 941 976
1 655 844
1 152 955
2 563 403
0 735 468
1 778 116
1 564 480
1 434 668
2 161 237
2 88 698
2 858 658
2 387 31
2 691 640
1 490 830
0 847 57
2 632 328
1 438 557
0 530 594
2 584 537
0 93 171
2 163 708
1 292 466
2 169 176
0 907 64
1 671 527
2 560 171
2 711 413
1 852 615
2 987 372
2 618 490
0 777 637
2 264 339
1 256 796
2 458 260
0 86 301
1 41 421
2 366 766
1 823 721
2 43 279
2 228 735
2 708 332
2 631 102
0 90 910
1 487 421
2 843 206
1 247 377
0 943 324
2 92 979
1 462 191
0 713 445
1 490 51
1 423 348
1 716 936
0 38 177
2 390 281
0 91 445
0 121 436
0 662 65
2 294 548
2 388 425
0 667 311
2 507 260
0 964 408
2 236 396
1 170 226
2 748 861
2 905 527
1 687 978
2 328 672
1 403 955
0 88 187
1 891 700
1 823 334
2 662 804
1 240 614
1 529 447
2 361 87
1 59 637
2 103 293
0 103 379
2 801 732
1 314 647
2 741 141
0 387 599
0 844 937
0 331 502
1 663 176
0 892 960
1 701 469
2 279 170
2 484 412
0 116 923
2 237 465
0 846 97
1 171 859
1 594 467
1 101 131
0 710 824
1 623 44
2 169 731
2 410 336
1 514 953
2 641 13
1 431 356
1 875 458
0 505 275
1 613 448
0 134 561
2 180 981
2 415 728
0 727 562
2 682 860
2 125 920
0 116 115
2 286 270
1 664 926
0 367 210
2 483 378
0 383 956
1 497 855
1 755 393
2 814 514
2 547 550
0 645 581
2 683 151
2 52 697
1 402 179
1 903 642
2 692 824
0 415 563
1 121 181
0 925 540
1 226 218
1 369 651
0 126 479
0 835 224
1 991 934
2 358 658
0 573 753
2 607 156
0 854 810
1 189 57
0 78 831
0 422 177
0 949 773
2 909 374
1 315 406
2 566 880
2 712 71
1 837 514
0 762 316
1 130 718
2 337 898
1 962 391
0 309 777
1 967 745
1 803 440
1 410 920
0 219 191
0 49 577
