-979
-971
-966
-962
-962
-948
-945
-943
-938
-935
-923
-916
-913
-913
-908
-904
-901
-900
-899
-894
-890
-885
-880
-879
-877
-876
-875
-875
-875
-868
-865
-862
-861
-859
-855
-852
-847
-845
-845
-844
-841
-840
-835
-834
-832
-831
-831
-830
-827
-825
-824
-824
-822
-819
-818
-814
-811
-809
-803
-803
-803
-801
-801
-800
-797
-796
-794
-793
-792
-790
-788
-787
-785
-783
-783
-782
-782
-782
-781
-780
-780
-779
-777
-775
-773
-773
-773
-772
-770
-767
-766
-764
-764
-763
-763
-762
-760
-758
-756
-754
-753
-752
-751
-751
-748
-746
-745
-745
-745
-741
-740
-739
-738
-738
-738
-736
-735
-735
-735
-735
-733
-730
-730
-729
-729
-728
-728
-727
-727
-727
-726
-726
-725
-722
-722
-719
-718
-716
-714
-713
-712
-712
-712
-711
-711
-710
-707
-706
-706
-706
-706
-706
-706
-705
-703
-700
-700
-699
-698
-691
-691
-690
-689
-688
-688
-687
-687
-686
-680
-680
-679
-679
-678
-678
-676
-674
-673
-673
-672
-672
-671
-671
-669
-668
-668
-667
-667
-663
-662
-661
-661
-660
-660
-657
-654
-653
-652
-651
-651
-651
-649
-649
-649
-648
-645
-644
-642
-641
-640
-638
-638
-636
-635
-635
-633
-632
-632
-631
-628
-628
-625
-625
-624
-621
-620
-619
-619
-619
-617
-617
-617
-617
-616
-615
-614
-613
-613
-612
-611
-611
-610
-609
-608
-608
-608
-608
-604
-604
-604
-602
-601
-599
-599
-595
-593
-591
-591
-590
-589
-589
-588
-587
-586
-585
-585
-584
-583
-583
-583
-583
-583
-582
-582
-581
-580
-579
-579
-579
-579
-578
-577
-576
-576
-575
-574
-572
-572
-572
-571
-571
-571
-570
-569
-568
-568
-567
-566
-564
-564
-564
-563
-561
-561
-560
-560
-560
-559
-559
-559
-558
-558
-557
-557
-557
-557
-557
-555
-555
-554
-554
-553
-553
-553
-552
-551
-551
-549
-549
-548
-548
-547
-546
-546
-544
-544
-543
-542
-542
-542
-542
-542
-542
-540
-540
-538
-537
-535
-534
-534
-534
-534
-532
-532
-532
-532
-531
-529
-528
-526
-525
-525
-525
-523
-522
-522
-522
-521
-521
-519
-518
-518
-518
-517
-517
-516
-516
-516
-515
-514
-514
-513
-513
-513
-513
-512
-511
-511
-510
-510
-510
-510
-510
-509
-509
-508
-508
-507
-507
-506
-506
-505
-504
-503
-502
-502
-501
-501
-498
-498
-498
-497
-496
-496
-495
-495
-490
-489
-488
-487
-486
-485
-484
-484
-483
-483
-483
-483
-481
-481
-481
-480
-479
-479
-478
-478
-478
-478
-477
-477
-477
-477
-476
-476
-475
-474
-474
-473
-473
-473
-472
-472
-472
-472
-471
-470
-470
-470
-469
-469
-469
-468
-468
-468
-467
-465
-464
-464
-464
-463
-462
-462
-462
-462
-461
-460
-460
-460
-460
-459
-459
-456
-456
-455
-454
-450
-450
-449
-449
-449
-449
-449
-448
-447
-447
-446
-445
-445
-445
-444
-444
-444
-443
-443
-443
-442
-442
-442
-441
-440
-440
-439
-439
-439
-439
-439
-439
-438
-438
-435
-435
-434
-434
-434
-434
-433
-433
-432
-432
-432
-431
-431
-428
-428
-428
-428
-428
-427
-427
-426
-426
-425
-425
-424
-424
-420
-420
-420
-420
-418
-417
-417
-416
-416
-416
-416
-415
-414
-414
-413
-412
-411
-411
-409
-409
-409
-408
-408
-408
-407
-407
-407
-406
-406
-406
-405
-405
-405
-404
-403
-403
-402
-401
-401
-401
-400
-399
-399
-398
-398
-398
-398
-398
-397
-397
-396
-395
-394
-392
-392
-392
-391
-390
-390
-390
-390
-389
-389
-389
-389
-388
-388
-387
-386
-385
-385
-385
-385
-384
-384
-384
-383
-383
-383
-383
-382
-381
-381
-380
-380
-380
-380
-379
-379
-378
-378
-378
-377
-377
-376
-376
-376
-375
-375
-375
-374
-374
-373
-373
-372
-371
-371
-370
-370
-370
-370
-369
-368
-368
-368
-368
-367
-366
-366
-365
-363
-361
-360
-360
-360
-360
-360
-360
-359
-359
-359
-358
-358
-358
-357
-357
-357
-356
-356
-355
-354
-354
-354
-353
-352
-352
-352
-352
-352
-351
-351
-351
-350
-350
-350
-350
-350
-350
-349
-348
-346
-345
-344
-344
-344
-343
-343
-342
-342
-341
-340
-340
-340
-340
-340
-340
-340
-339
-338
-337
-337
-337
-337
-337
-336
-336
-336
-335
-335
-335
-335
-335
-335
-335
-335
-334
-333
-333
-333
-333
-333
-332
-332
-332
-332
-331
-331
-331
-331
-331
-330
-330
-329
-329
-329
-328
-327
-327
-326
-326
-325
-325
-325
-324
-323
-322
-322
-322
-322
-321
-320
-320
-319
-318
-318
-317
-317
-317
-316
-316
-315
-315
-314
-313
-312
-312
-311
-311
-309
-308
-308
-306
-306
-305
-305
-305
-305
-305
-304
-304
-304
-304
-303
-302
-302
-302
-302
-301
-301
-301
-301
-301
-300
-299
-299
-299
-299
-299
-298
-298
-298
-297
-297
-296
-296
-296
-295
-294
-294
-294
-294
-293
-292
-292
-292
-291
-291
-291
-291
-291
-290
-290
-290
-289
-289
-289
-289
-289
-288
-288
-287
-286
-286
-285
-285
-285
-284
-284
-284
-283
-283
-283
-283
-282
-282
-282
-282
-282
-282
-281
-281
-280
-280
-279
-277
-277
-277
-276
-276
-275
-274
-274
-273
-273
-273
-273
-273
-272
-272
-270
-270
-270
-268
-267
-266
-265
-265
-264
-264
-264
-263
-263
-262
-262
-262
-261
-261
-261
-260
-260
-258
-257
-257
-256
-256
-255
-255
-255
-255
-253
-253
-253
-253
-253
-253
-253
-251
-251
-251
-251
-250
-250
-250
-249
-249
-249
-249
-248
-248
-248
-248
-248
-247
-247
-247
-247
-247
-247
-246
-245
-245
-244
-244
-244
-242
-241
-241
-241
-241
-239
-238
-238
-237
-237
-237
-237
-237
-236
-236
-235
-235
-235
-235
-234
-234
-234
-234
-233
-231
-231
-231
-231
-230
-230
-230
-228
-227
-227
-226
-226
-226
-225
-225
-224
-222
-222
-222
-221
-221
-220
-220
-220
-220
-218
-217
-217
-217
-217
-216
-216
-216
-216
-216
-215
-215
-215
-214
-214
-214
-212
-211
-210
-210
-210
-210
-209
-209
-208
-208
-208
-207
-207
-206
-206
-206
-205
-205
-205
-204
-204
-204
-203
-203
-202
-202
-201
-201
-200
-200
-199
-199
-198
-198
-198
-198
-197
-197
-197
-196
-196
-195
-195
-195
-194
-193
-193
-192
-192
-192
-191
-191
-190
-190
-190
-189
-189
-189
-188
-188
-188
-186
-185
-185
-185
-185
-184
-183
-183
-183
-183
-183
-182
-182
-182
-181
-181
-180
-180
-180
-180
-180
-179
-179
-178
-178
-178
-176
-176
-176
-176
-176
-175
-175
-175
-175
-174
-174
-174
-173
-172
-172
-172
-172
-171
-171
-170
-170
-170
-170
-170
-169
-169
-168
-168
-168
-168
-168
-167
-167
-166
-166
-166
-166
-165
-165
-165
-164
-163
-163
-162
-162
-161
-161
-161
-160
-160
-159
-159
-157
-157
-157
-156
-156
-155
-154
-154
-153
-152
-152
-152
-152
-151
-151
-151
-151
-150
-150
-150
-149
-148
-148
-147
-147
-147
-145
-144
-144
-142
-141
-141
-140
-140
-140
-139
-139
-138
-138
-136
-136
-136
-135
-135
-135
-134
-134
-134
-133
-133
-132
-132
-132
-131
-131
-131
-131
-130
-130
-130
-130
-130
-129
-128
-128
-128
-128
-128
-128
-128
-128
-128
-128
-127
-127
-126
-126
-126
-124
-123
-123
-122
-122
-122
-122
-121
-121
-121
-121
-120
-120
-119
-119
-119
-119
-119
-119
-118
-117
-116
-116
-115
-115
-115
-114
-114
-114
-114
-114
-113
-113
-113
-113
-113
-113
-113
-113
-112
-112
-112
-112
-112
-112
-111
-111
-110
-109
-109
-108
-108
-108
-108
-108
-107
-107
-107
-107
-107
-106
-106
-106
-106
-105
-105
-105
-104
-104
-104
-104
-103
-103
-103
-102
-102
-102
-102
-102
-102
-102
-101
-101
-100
-100
-99
-98
-98
-98
-98
-97
-96
-95
-95
-94
-94
-93
-93
-93
-92
-91
-91
-91
-91
-91
-91
-91
-90
-90
-90
-90
-89
-89
-89
-89
-88
-88
-88
-88
-88
-87
-87
-86
-86
-85
-85
-85
-84
-84
-84
-84
-84
-84
-83
-83
-82
-81
-81
-80
-80
-80
-80
-79
-79
-79
-79
-79
-79
-78
-77
-77
-77
-77
-76
-76
-76
-76
-76
-75
-75
-75
-74
-74
-74
-74
-74
-74
-74
-74
-73
-73
-73
-73
-73
-73
-72
-72
-72
-71
-71
-71
-71
-70
-70
-69
-69
-69
-69
-68
-68
-68
-68
-68
-67
-67
-67
-67
-66
-66
-66
-65
-65
-65
-64
-64
-64
-64
-63
-63
-62
-62
-62
-61
-60
-60
-60
-59
-59
-59
-58
-58
-58
-57
-57
-57
-57
-56
-56
-56
-56
-55
-55
-55
-55
-55
-54
-54
-54
-54
-53
-52
-52
-52
-51
-51
-51
-51
-51
-50
-50
-50
-49
-49
-49
-48
-47
-47
-46
-46
-46
-45
-45
-45
-45
-45
-45
-45
-45
-44
-44
-43
-43
-43
-43
-42
-42
-42
-41
-41
-41
-41
-40
-40
-39
-39
-38
-38
-38
-37
-37
-37
-37
-37
-36
-35
-35
-35
-35
-34
-34
-34
-34
-34
-33
-33
-33
-33
-32
-32
-32
-31
-31
-31
-31
-31
-30
-30
-30
-30
-30
-30
-29
-29
-29
-28
-28
-28
-27
-27
-27
-27
-26
-26
-26
-26
-25
-25
-25
-24
-24
-24
-24
-23
-23
-23
-22
-21
-21
-20
-20
-20
-20
-20
-19
-19
-19
-19
-18
-18
-17
-17
-17
-17
-16
-16
-15
-15
-15
-15
-15
-15
-15
-14
-14
-14
-14
-14
-13
-13
-13
-13
-12
-12
-12
-11
-11
-11
-11
-11
-10
-10
-10
-10
-10
-9
-9
-9
-9
-9
-9
-8
-8
-8
-7
-6
-6
-6
-6
-5
-5
-4
-4
-4
-4
-4
-4
-4
-3
-3
-3
-3
-2
-2
-2
-1
-1
-1
0
0
0
1
1
1
2
2
2
2
3
3
3
3
3
3
4
5
5
6
6
6
6
7
7
8
8
8
8
9
9
9
9
9
10
10
11
11
11
11
12
12
13
13
13
13
13
13
14
14
15
15
15
16
17
17
17
17
17
18
18
19
19
19
20
21
21
21
22
22
22
23
23
23
23
24
24
24
25
25
25
25
26
26
26
26
26
27
27
28
28
28
30
30
30
31
31
31
32
32
32
32
33
33
33
34
34
34
35
35
35
36
36
36
37
37
37
37
37
38
38
38
38
38
40
40
40
41
41
41
42
42
43
43
43
43
44
44
44
45
45
45
45
46
47
47
48
48
48
48
49
50
50
51
52
52
53
53
54
55
55
56
56
56
56
57
57
58
58
58
58
58
58
58
59
59
59
60
60
60
60
60
61
61
61
61
61
62
63
64
64
64
64
65
65
66
66
66
67
67
67
67
68
69
69
70
70
70
70
70
71
71
71
71
71
72
72
72
72
73
73
73
73
73
74
74
74
74
74
75
75
75
75
75
75
75
76
76
76
76
77
78
78
78
79
79
79
79
80
80
80
81
81
81
81
82
82
82
83
83
83
83
83
84
84
84
85
85
85
86
86
86
86
86
86
86
87
87
87
88
88
88
88
88
88
89
89
89
90
91
92
93
93
93
93
94
94
95
95
95
95
96
96
96
97
97
97
97
98
98
98
99
99
100
100
100
101
101
101
101
102
102
102
102
102
102
103
103
104
104
104
104
104
105
105
106
107
107
107
108
108
108
108
108
108
108
109
109
109
110
110
110
110
111
111
112
112
113
113
113
113
114
115
115
115
115
115
116
116
116
117
117
118
118
118
119
119
120
120
120
120
121
121
121
122
122
123
123
123
124
124
125
125
125
125
126
126
126
126
126
126
126
127
127
127
127
127
127
128
128
128
128
128
128
129
130
130
130
131
131
131
131
131
132
132
132
133
133
133
134
134
134
135
135
135
135
135
136
136
136
136
136
136
136
137
137
137
137
138
138
139
139
139
139
140
140
140
140
141
141
141
141
141
142
142
142
142
143
143
143
143
143
143
144
144
145
145
146
146
146
146
146
146
146
147
147
147
147
149
150
151
151
151
152
152
153
153
153
154
154
154
154
154
155
155
155
155
156
156
156
156
157
157
157
158
158
158
158
159
159
160
160
161
161
161
161
161
163
163
164
165
165
165
165
165
166
166
166
166
168
168
168
168
169
169
169
169
169
170
170
170
170
170
170
170
170
171
171
172
173
173
173
173
174
174
174
175
175
175
176
176
176
177
177
178
178
178
178
178
179
179
179
179
180
180
180
181
181
181
181
182
182
182
182
182
182
182
182
182
183
184
184
184
185
185
185
186
186
186
186
186
186
187
187
187
187
187
187
188
188
188
189
189
189
189
189
189
191
191
191
191
191
191
191
192
192
192
192
192
192
193
194
194
194
194
195
195
196
196
197
197
198
198
198
199
199
199
199
199
199
199
200
200
200
200
200
200
200
200
201
202
202
202
202
202
202
203
203
203
203
204
204
205
205
206
206
206
207
207
208
208
208
209
209
209
210
210
210
211
211
211
211
211
211
212
212
213
214
215
215
215
215
215
216
217
217
217
217
218
218
218
219
219
219
219
219
219
220
220
220
220
220
221
221
221
221
221
221
221
222
222
222
222
222
222
222
223
223
223
224
224
225
225
225
226
226
227
227
227
227
227
227
228
228
228
228
228
228
228
229
229
230
230
231
231
231
231
231
232
232
232
232
233
233
233
233
234
234
234
234
234
235
235
236
237
237
237
239
239
239
239
239
239
240
240
241
241
241
241
242
242
243
244
244
244
245
245
245
245
245
245
245
246
246
246
246
246
247
247
248
248
248
248
248
248
249
250
250
250
250
251
251
251
251
251
251
252
252
252
253
253
253
253
254
254
254
254
254
254
255
255
255
255
255
255
256
256
256
256
257
257
257
257
257
258
258
258
258
258
258
259
259
260
260
261
261
261
262
262
263
263
263
264
264
264
264
264
265
265
266
266
266
266
266
267
267
267
267
268
268
268
268
268
269
270
270
270
271
271
272
273
273
273
273
273
273
274
274
274
274
274
275
275
275
276
276
276
277
277
277
278
278
278
278
278
278
278
279
279
280
280
280
280
280
280
281
281
281
281
281
282
282
282
283
283
283
283
283
283
283
283
283
284
284
284
284
284
285
285
285
285
285
286
287
287
287
288
288
288
288
288
289
289
289
289
290
290
290
290
291
291
292
292
293
294
294
294
295
295
295
295
296
296
297
297
297
297
297
297
297
298
298
298
299
299
299
299
300
300
300
300
301
301
301
301
301
301
301
302
303
304
304
304
304
304
305
305
306
306
306
306
306
307
307
307
307
307
307
307
307
308
308
308
309
309
310
310
310
310
311
311
311
312
312
312
312
313
313
313
313
313
315
316
316
316
317
317
318
318
318
318
318
318
319
319
319
319
319
320
320
320
321
321
321
321
321
321
322
322
322
322
323
323
323
323
323
323
324
324
324
325
325
326
326
326
326
326
327
327
327
327
327
327
327
328
328
328
328
328
329
330
330
330
330
330
330
332
333
333
334
334
335
335
335
335
336
336
336
336
337
337
337
337
337
339
339
340
340
340
341
341
341
342
342
342
342
343
343
343
343
344
344
345
345
345
345
346
346
346
346
346
346
346
347
348
348
348
349
350
350
350
350
350
351
351
351
351
351
351
352
352
352
353
353
353
353
353
353
354
354
355
355
355
355
355
355
356
356
356
356
357
357
357
357
358
358
358
358
359
360
360
360
360
361
361
362
362
362
362
362
363
363
363
363
363
364
364
364
365
365
365
366
366
366
366
366
366
367
367
367
368
368
369
369
369
369
370
370
371
372
372
372
372
373
373
374
374
375
375
375
375
376
376
376
376
376
377
377
377
377
377
377
378
378
378
378
378
379
379
379
380
380
380
381
382
382
383
383
383
383
383
383
383
384
384
384
385
385
386
386
387
387
387
387
387
387
387
388
388
389
389
389
389
391
391
391
391
391
391
391
392
392
392
392
394
394
394
395
395
395
395
396
396
396
396
397
397
397
397
397
398
398
398
399
399
399
399
399
400
400
401
401
401
401
403
403
403
403
404
404
405
405
406
406
406
406
406
406
409
409
409
409
410
410
410
410
411
411
412
412
412
413
413
414
414
414
414
415
415
415
415
416
416
416
416
416
417
417
417
420
420
420
420
421
421
421
421
421
421
422
422
422
422
422
423
423
424
424
425
425
425
426
426
426
427
427
427
428
429
429
430
430
430
431
431
431
431
432
432
432
432
433
433
433
434
434
434
435
435
436
437
437
437
437
439
439
439
439
440
440
440
441
441
441
442
442
442
442
443
443
444
444
445
445
445
445
445
446
446
446
446
447
447
447
447
447
448
448
448
448
448
449
450
451
451
451
451
451
451
452
452
454
454
454
455
455
455
456
456
456
457
457
457
458
458
459
459
460
460
460
460
460
460
461
461
462
463
463
463
463
464
464
464
464
464
464
464
465
465
465
465
465
465
466
466
467
467
467
467
468
468
468
468
469
469
471
472
472
473
473
473
474
474
474
475
476
476
476
477
477
477
477
478
478
478
478
479
479
480
480
480
480
480
481
481
481
482
482
482
482
482
483
483
483
484
484
485
485
486
487
487
487
487
488
488
488
489
489
489
489
489
489
489
490
490
490
490
490
490
491
491
492
492
492
492
493
493
493
493
495
495
495
496
496
496
496
496
497
497
497
497
497
497
497
497
498
499
499
500
500
500
501
501
501
501
501
501
502
502
503
503
504
504
505
505
505
505
506
506
506
507
507
507
508
508
508
508
509
509
509
509
509
509
509
509
510
510
510
511
511
511
511
511
512
512
512
512
513
513
513
513
513
514
515
516
516
516
516
516
517
518
518
518
518
519
519
519
520
521
521
522
522
522
523
523
523
524
524
524
524
525
525
525
525
526
526
527
527
527
527
528
529
529
529
530
530
530
531
531
531
531
531
531
531
531
532
532
532
532
533
533
533
533
533
534
534
534
534
534
535
535
535
535
536
536
536
536
537
537
537
537
538
538
539
539
539
539
540
540
540
541
541
541
541
541
542
542
542
542
542
542
543
543
543
544
544
545
545
545
546
546
546
546
547
547
548
548
548
548
549
549
549
550
550
550
551
552
552
552
552
553
553
554
554
555
555
555
555
555
555
556
556
556
556
556
557
557
557
557
557
557
557
558
558
559
560
560
561
561
561
562
562
562
562
562
563
563
564
564
564
564
565
566
566
566
567
567
568
568
568
568
569
569
569
570
570
570
570
571
571
571
571
571
571
572
572
572
572
572
574
574
574
575
577
577
577
577
577
577
578
579
579
579
580
580
581
582
582
583
583
583
583
583
585
585
585
585
585
586
586
586
586
586
587
587
587
587
588
588
588
589
589
589
589
589
590
590
590
591
591
591
592
592
593
593
593
593
594
595
595
595
595
596
596
596
596
597
597
598
598
598
598
598
599
599
599
599
600
601
601
602
602
602
603
603
603
603
604
604
605
605
605
605
605
605
606
606
606
606
606
607
607
607
607
607
607
607
607
608
608
608
608
608
608
609
610
610
610
610
610
610
610
611
611
611
612
612
612
613
613
613
613
614
614
614
615
615
615
615
616
616
617
617
617
617
618
618
619
619
619
619
620
620
620
620
621
622
622
623
623
624
624
624
625
625
625
625
626
626
626
626
626
627
627
627
628
628
628
629
630
630
631
631
631
631
631
631
632
632
632
633
633
634
634
634
634
634
634
636
637
637
638
638
638
639
639
639
640
640
641
642
642
643
643
643
644
645
646
646
646
646
646
646
647
648
648
649
649
649
649
649
649
650
650
651
652
653
654
654
654
655
655
655
655
655
656
656
656
657
657
657
658
658
659
660
660
660
660
661
661
661
661
662
662
662
662
662
662
663
663
663
663
664
664
665
665
666
666
666
666
667
667
667
667
667
667
667
668
669
669
669
669
669
669
670
670
670
670
671
671
672
672
672
673
673
673
674
674
674
674
675
675
675
675
676
676
676
676
677
677
677
677
678
678
678
679
679
679
679
680
680
681
681
681
681
682
682
682
682
683
683
683
683
684
684
684
684
684
685
685
685
686
686
686
686
687
689
689
689
689
690
690
690
690
690
690
691
691
691
691
691
692
692
692
692
692
692
692
692
693
694
694
694
694
695
695
695
695
696
696
696
696
696
697
697
697
698
698
699
699
699
700
700
700
700
700
701
701
701
702
702
703
703
703
703
704
704
704
704
705
705
705
706
706
706
707
707
708
708
709
709
709
710
710
711
711
711
711
712
712
712
713
713
713
714
714
714
715
715
715
716
716
717
717
718
718
719
719
720
720
721
721
722
722
722
723
723
723
723
724
724
724
724
725
725
726
726
727
727
727
727
727
727
727
727
728
729
729
729
729
729
729
729
729
730
731
731
732
732
733
733
733
734
735
735
736
736
737
737
737
737
737
737
738
738
738
738
739
739
740
740
740
741
741
742
743
743
743
743
743
743
743
743
743
744
744
744
745
745
746
746
746
747
747
748
748
748
748
749
749
749
749
750
750
750
750
750
750
751
751
751
751
752
752
752
752
752
753
754
754
754
754
755
755
755
755
756
756
756
757
758
758
758
758
759
759
760
760
760
761
762
762
762
763
763
763
764
764
764
764
764
764
764
765
765
765
765
766
766
766
767
767
767
767
769
769
770
770
771
771
772
772
772
772
773
773
774
774
774
775
775
775
775
775
775
776
776
777
777
778
778
778
779
779
779
779
779
779
780
780
780
780
780
781
781
781
782
782
783
783
783
783
783
784
784
784
784
785
785
786
787
787
787
787
787
788
788
789
789
789
789
789
790
790
790
790
790
790
790
790
791
791
791
792
793
794
795
795
795
795
795
796
796
796
796
796
797
797
797
797
798
798
798
799
799
799
799
799
799
799
799
800
801
801
801
801
802
802
802
802
802
802
803
803
803
804
804
804
804
805
805
805
806
806
806
806
806
806
807
808
808
808
809
809
809
809
810
810
810
810
811
811
811
812
813
813
813
813
813
814
814
814
815
815
815
816
816
816
816
816
818
820
820
820
820
820
821
821
821
822
822
823
824
825
825
825
825
825
826
826
826
826
827
827
828
828
828
828
829
829
829
829
830
830
830
830
831
831
832
832
832
832
833
833
834
834
834
835
835
836
836
836
836
836
836
837
838
838
838
839
839
840
841
841
842
842
843
843
844
845
845
845
845
845
845
846
846
847
847
847
847
847
848
848
848
848
849
849
849
850
850
850
851
852
852
853
853
854
854
854
854
855
855
857
857
857
858
858
858
859
859
860
860
860
860
860
860
861
861
861
862
862
863
863
864
864
864
864
864
864
865
865
866
866
866
866
867
867
868
868
869
869
869
870
870
870
870
871
871
871
872
872
872
872
872
873
874
874
874
874
875
875
875
875
875
876
877
877
877
877
877
877
878
879
879
879
879
880
880
880
881
881
881
882
882
882
882
882
883
883
883
883
883
884
884
884
884
885
885
885
885
885
886
886
886
886
886
886
887
887
887
887
887
888
889
889
889
890
890
890
890
891
892
893
893
893
894
894
894
895
896
896
896
896
897
897
897
897
897
898
899
899
899
899
900
900
900
900
901
901
901
901
901
902
902
902
902
902
902
902
903
903
904
904
904
905
905
905
906
906
906
907
907
907
907
908
909
909
909
909
910
910
911
911
911
911
912
912
912
912
913
913
913
913
913
914
914
914
914
914
914
914
915
915
915
916
916
916
917
917
917
918
918
918
918
919
919
919
920
921
921
922
922
923
923
923
924
924
925
925
925
925
925
925
925
926
926
926
927
927
927
927
928
928
928
928
928
929
929
929
930
930
930
930
930
931
931
931
933
933
934
934
934
935
935
935
935
935
936
936
936
937
937
937
937
937
938
939
940
940
940
940
940
941
941
941
941
941
942
942
942
942
942
942
942
942
943
943
943
943
943
943
944
944
944
944
944
944
944
945
945
945
945
946
946
946
946
947
947
947
948
948
949
949
949
950
950
951
952
952
952
952
952
953
953
953
954
955
955
955
956
956
956
956
957
958
959
959
959
960
960
960
960
960
960
960
960
960
961
961
961
962
962
962
962
963
963
964
965
967
967
968
968
968
968
968
968
969
969
969
970
970
970
971
971
971
971
972
972
972
972
972
972
973
973
973
974
974
974
975
975
975
976
976
977
977
977
978
978
978
978
979
979
979
979
979
980
981
982
982
982
982
983
983
983
983
983
984
985
985
985
986
986
986
986
986
987
987
987
987
988
988
988
989
989
989
989
989
990
990
990
990
992
993
993
993
993
994
994
994
994
994
995
995
995
996
996
996
996
997
997
997
998
998
998
998
998
999
999
1000
1000
1000
1000
1000
1000
1002
1002
1002
1002
1002
1002
1002
1003
1003
1004
1004
1004
1005
1005
1006
1006
1006
1006
1006
1008
1008
1009
1009
1009
1009
1009
1009
1009
1010
1010
1012
1012
1012
1012
1013
1013
1013
1013
1013
1013
1013
1014
1014
1014
1015
1015
1016
1017
1017
1018
1019
1019
1019
1019
1020
1020
1020
1020
1020
1021
1021
1021
1021
1021
1021
1022
1022
1023
1023
1024
1024
1025
1025
1027
1027
1027
1027
1027
1028
1028
1028
1028
1028
1028
1029
1029
1029
1029
1029
1030
1031
1031
1031
1031
1031
1032
1032
1032
1033
1033
1033
1034
1034
1035
1035
1035
1035
1036
1036
1036
1036
1037
1037
1037
1037
1037
1037
1038
1039
1039
1040
1040
1040
1041
1041
1041
1042
1042
1043
1043
1044
1044
1044
1045
1045
1046
1046
1046
1046
1046
1047
1047
1047
1048
1048
1048
1048
1048
1049
1049
1049
1049
1049
1050
1050
1050
1050
1051
1051
1051
1051
1052
1052
1054
1054
1054
1054
1054
1055
1055
1056
1056
1056
1056
1057
1057
1057
1057
1058
1058
1058
1059
1059
1059
1059
1059
1059
1060
1060
1060
1061
1061
1061
1062
1062
1062
1062
1062
1062
1063
1063
1064
1064
1064
1064
1065
1065
1065
1065
1066
1067
1067
1067
1067
1068
1068
1068
1068
1068
1068
1069
1069
1069
1070
1070
1070
1070
1070
1071
1071
1071
1072
1072
1072
1072
1073
1073
1074
1074
1075
1076
1076
1076
1076
1077
1077
1077
1077
1077
1077
1078
1078
1078
1078
1079
1080
1080
1081
1081
1081
1082
1082
1082
1082
1082
1082
1083
1083
1083
1084
1085
1085
1086
1086
1086
1086
1086
1087
1087
1088
1088
1088
1088
1088
1088
1089
1089
1090
1090
1091
1092
1092
1092
1093
1093
1094
1094
1094
1094
1094
1095
1095
1095
1097
1097
1097
1097
1098
1098
1098
1098
1099
1100
1100
1100
1100
1101
1101
1101
1102
1102
1102
1102
1102
1102
1102
1104
1104
1104
1104
1104
1105
1105
1105
1106
1106
1106
1106
1106
1106
1107
1107
1107
1107
1107
1108
1108
1109
1109
1110
1110
1110
1110
1110
1111
1111
1111
1111
1111
1111
1111
1112
1112
1113
1114
1115
1116
1116
1117
1117
1117
1117
1117
1118
1119
1120
1120
1121
1121
1121
1121
1122
1122
1122
1122
1122
1123
1123
1124
1124
1124
1124
1125
1126
1126
1126
1126
1127
1127
1127
1127
1128
1128
1128
1129
1129
1129
1130
1130
1130
1130
1130
1130
1132
1132
1133
1134
1134
1134
1134
1134
1134
1134
1135
1136
1136
1136
1136
1136
1137
1138
1138
1138
1138
1139
1139
1139
1140
1140
1140
1140
1141
1141
1141
1142
1142
1142
1142
1142
1143
1143
1143
1144
1145
1146
1147
1147
1147
1148
1148
1148
1148
1148
1149
1149
1150
1151
1152
1152
1152
1152
1153
1153
1154
1154
1154
1154
1155
1155
1155
1157
1157
1157
1158
1158
1159
1160
1160
1160
1161
1161
1161
1162
1163
1163
1163
1163
1164
1164
1164
1165
1165
1165
1165
1166
1166
1166
1167
1168
1168
1168
1168
1168
1169
1169
1170
1171
1172
1172
1172
1173
1173
1173
1173
1174
1174
1174
1174
1174
1175
1176
1176
1177
1177
1177
1178
1178
1179
1179
1179
1180
1181
1181
1181
1181
1181
1182
1182
1182
1183
1183
1183
1184
1184
1184
1186
1186
1186
1187
1187
1187
1188
1188
1188
1189
1190
1190
1190
1190
1190
1191
1191
1191
1191
1191
1192
1192
1192
1193
1193
1194
1195
1195
1195
1195
1196
1196
1196
1197
1197
1197
1198
1198
1199
1199
1199
1199
1200
1200
1200
1201
1201
1202
1202
1202
1202
1202
1203
1203
1203
1203
1203
1204
1204
1204
1205
1205
1205
1205
1205
1206
1206
1207
1207
1207
1208
1209
1211
1212
1212
1213
1214
1214
1214
1214
1215
1215
1216
1217
1218
1218
1218
1218
1218
1219
1219
1219
1219
1220
1220
1221
1221
1221
1222
1223
1223
1223
1224
1224
1225
1226
1226
1226
1227
1228
1229
1229
1229
1229
1229
1230
1230
1230
1231
1231
1231
1231
1232
1232
1233
1233
1233
1233
1235
1235
1235
1235
1236
1236
1236
1236
1236
1237
1237
1237
1239
1239
1239
1239
1239
1240
1240
1241
1242
1242
1242
1243
1244
1244
1244
1244
1245
1246
1246
1247
1247
1247
1247
1248
1248
1248
1249
1249
1249
1249
1249
1250
1250
1251
1251
1251
1252
1253
1254
1254
1254
1255
1255
1255
1255
1255
1256
1256
1256
1257
1257
1257
1257
1258
1258
1258
1259
1260
1260
1260
1260
1261
1261
1261
1261
1262
1262
1263
1263
1263
1263
1264
1264
1264
1264
1264
1264
1265
1265
1265
1265
1266
1266
1267
1268
1268
1268
1270
1270
1270
1271
1271
1271
1272
1272
1272
1273
1273
1273
1274
1274
1275
1275
1276
1276
1276
1277
1277
1277
1277
1277
1277
1277
1278
1278
1278
1278
1279
1279
1280
1280
1280
1280
1280
1280
1280
1281
1281
1282
1282
1282
1282
1283
1283
1283
1283
1284
1284
1284
1285
1286
1286
1286
1287
1287
1288
1288
1288
1289
1289
1289
1290
1291
1291
1291
1291
1291
1291
1293
1293
1293
1294
1294
1294
1295
1296
1296
1296
1296
1297
1297
1297
1297
1298
1298
1298
1299
1299
1299
1299
1300
1300
1300
1301
1303
1303
1304
1304
1304
1305
1306
1306
1306
1306
1307
1307
1308
1308
1308
1309
1310
1310
1311
1311
1311
1312
1312
1313
1313
1313
1313
1314
1314
1315
1316
1316
1316
1316
1316
1317
1318
1318
1318
1319
1320
1321
1321
1321
1322
1322
1323
1323
1324
1324
1324
1326
1327
1327
1327
1328
1328
1329
1329
1329
1329
1330
1331
1331
1332
1332
1332
1333
1333
1333
1334
1334
1334
1335
1336
1336
1336
1336
1336
1336
1337
1338
1338
1339
1339
1339
1341
1341
1342
1343
1343
1343
1343
1343
1344
1345
1347
1347
1347
1347
1348
1348
1349
1350
1351
1352
1352
1352
1353
1353
1353
1354
1354
1355
1355
1355
1355
1356
1356
1356
1356
1356
1356
1357
1357
1358
1358
1358
1359
1359
1360
1360
1360
1360
1360
1361
1361
1361
1361
1361
1361
1362
1364
1366
1366
1366
1366
1366
1367
1367
1368
1369
1370
1371
1372
1372
1375
1375
1375
1375
1376
1376
1376
1377
1377
1377
1377
1378
1378
1378
1378
1379
1379
1380
1380
1381
1381
1382
1382
1383
1383
1384
1384
1385
1385
1385
1386
1386
1386
1387
1389
1389
1390
1390
1390
1390
1390
1391
1391
1391
1391
1393
1393
1394
1394
1394
1395
1396
1396
1397
1397
1397
1399
1399
1400
1401
1401
1401
1402
1402
1402
1402
1403
1404
1404
1404
1405
1406
1406
1406
1406
1406
1406
1407
1407
1407
1407
1407
1408
1408
1410
1411
1412
1412
1413
1413
1413
1414
1414
1414
1415
1416
1416
1417
1418
1418
1419
1419
1419
1419
1419
1419
1421
1421
1422
1423
1423
1423
1423
1424
1425
1426
1426
1426
1427
1427
1427
1427
1428
1429
1430
1430
1430
1430
1430
1431
1431
1432
1432
1433
1433
1434
1435
1435
1436
1436
1436
1436
1437
1437
1438
1439
1439
1439
1439
1439
1439
1440
1440
1441
1441
1442
1442
1443
1445
1446
1446
1447
1448
1448
1449
1449
1450
1450
1452
1452
1453
1453
1453
1453
1453
1454
1456
1456
1456
1456
1456
1456
1457
1457
1458
1458
1458
1458
1459
1460
1460
1461
1461
1461
1461
1462
1462
1462
1463
1463
1463
1464
1464
1465
1465
1465
1466
1466
1467
1468
1468
1468
1469
1469
1469
1470
1470
1470
1472
1472
1474
1474
1476
1477
1477
1477
1478
1478
1478
1479
1479
1481
1482
1482
1482
1482
1483
1483
1484
1485
1485
1486
1487
1487
1487
1488
1488
1488
1488
1488
1489
1490
1490
1490
1490
1491
1492
1492
1492
1493
1494
1495
1495
1495
1495
1496
1496
1497
1497
1497
1498
1499
1500
1500
1501
1503
1506
1506
1507
1507
1510
1511
1511
1512
1512
1512
1512
1513
1514
1515
1516
1516
1517
1519
1521
1522
1524
1524
1525
1525
1525
1525
1525
1525
1526
1527
1528
1528
1530
1531
1531
1532
1534
1534
1536
1537
1537
1538
1538
1541
1542
1542
1543
1543
1545
1547
1547
1548
1548
1553
1553
1553
1554
1554
1555
1556
1556
1557
1558
1558
1558
1559
1559
1559
1560
1560
1560
1561
1561
1562
1562
1563
1563
1564
1564
1565
1565
1566
1567
1568
1569
1570
1573
1574
1577
1577
1577
1579
1581
1581
1582
1582
1583
1586
1588
1589
1590
1591
1591
1591
1591
1592
1592
1592
1593
1593
1593
1593
1594
1594
1594
1594
1596
1597
1598
1598
1598
1600
1603
1603
1604
1604
1605
1605
1605
1606
1607
1607
1608
1609
1609
1611
1612
1612
1612
1612
1612
1613
1613
1614
1615
1615
1616
1618
1618
1619
1620
1623
1624
1624
1624
1624
1624
1626
1626
1627
1627
1630
1630
1631
1632
1632
1632
1633
1633
1634
1635
1635
1635
1635
1635
1636
1639
1641
1641
1642
1643
1643
1643
1643
1645
1645
1648
1648
1648
1649
1650
1650
1653
1656
1658
1659
1660
1660
1660
1660
1664
1664
1666
1668
1668
1669
1670
1672
1672
1672
1674
1674
1675
1680
1681
1681
1682
1684
1685
1685
1686
1686
1686
1686
1688
1688
1688
1689
1689
1689
1693
1695
1697
1698
1699
1699
1700
1701
1703
1706
1710
1712
1712
1713
1713
1714
1715
1719
1719
1722
1722
1722
1723
1723
1724
1724
1724
1725
1725
1725
1729
1732
1732
1733
1741
1742
1742
1743
1743
1747
1749
1751
1751
1757
1757
1758
1760
1760
1762
1762
1764
1764
1768
1769
1770
1772
1773
1775
1778
1779
1781
1781
1781
1784
1784
1786
1787
1787
1787
1790
1791
1793
1793
1800
1800
1806
1808
1812
1813
1815
1816
1817
1821
1822
1825
1825
1826
1826
1827
1830
1837
1839
1839
1840
1840
1841
1842
1844
1845
1846
1847
1849
1849
1850
1851
1851
1852
1853
1856
1857
1859
1859
1868
1870
1877
1880
1881
1881
1882
1884
1887
1890
1897
1901
1903
1910
1912
1917
1921
1926
1928
1928
1929
1931
1933
1934
1941
1943
1949
1952
1953
1954
1954
1956
1957
1959
1981
1984
1989
1990
2064
2090
2196
2288
2300
2370
2651
2674
2674
2730
2808
2844
3150
3165
3216
3280
3304
3312
3315
3419
3471
3564
3604
3663
3816
3888
3900
4150
4266
4275
4275
4284
4416
4500
4750
4838
5024
5115
5236
5270
5310
5368
5518
5543
5586
5600
5632
5700
5709
5715
5822
5841
5871
5980
6000
6000
6080
6084
6103
6213
6240
6251
6384
6560
6664
6695
6696
6699
6878
6920
6952
7175
7260
7272
7276
7380
7380
7462
7546
7560
7611
7626
7808
7821
7992
8082
8085
8112
8190
8232
8236
8260
8260
8333
8372
8534
8536
8560
8640
8736
8750
8770
8904
9000
9027
9044
9045
9101
9136
9177
9202
9243
9250
9270
9340
9374
9408
9490
9520
9558
9579
9605
9664
9800
9835
9885
10076
10109
10185
10266
10283
10296
10304
10620
10816
10858
10962
10962
11040
11088
11095
11160
11219
11280
11284
11573
11594
11596
11644
11781
11790
11791
11842
11850
11997
11997
12042
12068
12420
12450
12462
12483
12519
12626
12636
12716
12720
12810
12826
12844
12892
12932
12992
13041
13050
13080
13120
13230
13230
13325
13366
13373
13530
13536
13630
13851
13902
13938
13938
13974
13983
14040
14104
14122
14150
14178
14256
14359
14385
14553
14592
14688
14746
14784
15072
15080
15105
15111
15134
15140
15215
15351
15429
15572
15698
15792
15885
15939
16064
16252
16522
16555
16632
16676
16700
16758
16764
16800
17088
17101
17105
17112
17172
17319
17340
17388
17391
17466
17515
17528
17589
17600
17608
17644
17676
17700
17706
17885
17982
18632
18648
18648
18669
18720
18850
18894
18900
19168
19190
19220
19320
19320
19352
19512
19550
19740
19780
19926
19968
20171
20212
20292
20328
20378
20400
20554
20584
20610
20727
20748
20748
20769
20790
20895
20898
20900
20979
21166
21168
21175
21192
21296
21312
21556
21576
21692
21710
21814
22082
22137
22204
22464
22680
22715
22940
22977
23088
23184
23244
23374
23465
23494
23517
23596
23684
23776
23826
23842
23904
23910
23936
23943
23947
24079
24102
24112
24264
24418
24687
24700
24750
25230
25248
25536
25568
25571
25584
25612
25650
25830
25864
25950
26076
26226
26260
26274
26394
26442
26768
26796
26857
26936
26937
26937
27000
27300
27346
27448
27510
27559
27608
27636
27702
27734
27984
27984
28024
28050
28090
28152
28182
28275
28280
28342
28348
28497
28512
28595
28616
28968
29110
29190
29241
29248
29406
29412
29500
29600
29610
29614
29744
29952
30179
30184
30194
30281
30336
30381
30590
30590
30600
30624
30644
30771
30942
31140
31160
31280
31326
31407
31458
31584
31616
31857
31899
31913
32160
32165
32171
32172
32204
32606
32760
32844
32900
32955
32984
33075
33369
33418
33428
33435
33516
33640
33768
33792
33800
34077
34299
34320
34435
34498
34580
34625
34638
34860
34874
34920
34968
35035
35076
35148
35190
35223
35264
35310
35690
35700
35754
35802
35904
35904
35964
36057
36060
36166
36218
36244
36395
36462
36580
36720
36888
36920
36992
37128
37168
37170
37240
37344
37375
37536
37654
37779
37785
37989
38157
38340
38467
38481
38674
38703
38845
38889
38912
39088
39168
39243
39270
39270
39376
39421
39468
39538
39618
39732
39820
39824
39867
39897
40032
40050
40098
40139
40185
40273
40344
40379
40392
40500
40501
40579
40635
40704
40740
40843
40896
41136
41140
41194
41228
41292
41292
41310
41340
41439
41472
41580
41658
41658
41745
41886
41975
42000
42024
42108
42174
42291
42506
42550
42550
42768
42883
43026
43036
43072
43194
43290
43520
43554
43659
43725
43981
43983
44220
44520
44603
44928
44948
44955
45000
45136
45198
45430
45588
45756
45816
46035
46056
46200
46248
46366
46748
46800
46818
46872
46900
47000
47235
47256
47264
47410
47430
47495
47499
47619
47684
47700
47838
47864
47872
47959
48160
48195
48600
48614
48668
48714
48776
48840
48990
49045
49248
49364
49392
49486
49503
49545
49915
49926
50008
50094
50127
50142
50374
50504
50544
50552
50560
50688
50702
50953
51192
51304
51504
51544
51667
51813
52080
52116
52288
52452
52650
52820
52832
53040
53128
53208
53244
53340
53417
53625
53724
53766
53848
53872
53960
54060
54230
54432
54556
54630
54840
54954
54982
55013
55031
55115
55220
55272
55296
55377
55388
55522
55590
55676
56056
56088
56134
56144
56160
56240
56304
56650
57024
57187
57216
57267
57330
57420
57456
57680
57716
57967
57970
58117
58164
58223
58254
58275
58344
58368
58374
58607
58828
58838
58976
59070
59427
59502
59520
59535
59776
59796
59832
59882
59940
60024
60092
60168
60190
60256
60260
60268
60426
60576
60751
60916
60955
60962
61047
61155
61256
61362
61410
61424
61456
61472
61500
61640
61824
62061
62205
62458
62810
62848
62880
62928
63156
63282
63336
63414
63510
63512
63525
63540
63756
63882
63891
64192
64236
64262
64296
64362
64372
64464
64467
64575
64711
64750
64872
65076
65148
65250
65312
65331
65520
65727
65937
66033
66452
66830
66895
66896
67068
67392
67412
67452
67466
67473
67496
67562
67640
67887
68083
68103
68240
68526
69046
69208
69466
69496
69608
69782
69805
69864
69888
69921
70122
70182
70418
70434
70560
70564
70670
70750
70770
71050
71278
71460
71688
71780
71788
71800
72007
72086
72135
72216
72336
72779
73158
73575
73625
73700
73710
73959
73962
73964
74088
74100
74235
74240
74250
74358
74385
74715
74960
75218
75543
75624
75696
75774
75980
76125
76140
76254
76360
76788
76826
77010
77112
77220
77228
77283
77515
77850
78000
78120
78660
78720
78840
78869
78988
79001
79121
79328
79500
79610
79758
79800
79860
79921
80088
80185
80295
80372
80676
80795
80964
81320
81432
81473
81589
81664
81872
81911
82062
82152
82212
82840
82908
83022
83160
83328
83556
83763
83779
83793
84018
84501
84588
84710
84812
84942
84972
85432
85625
85625
85653
85801
85904
85956
86112
86136
86154
86526
86595
86609
86614
86828
86946
87117
87424
87462
87543
87615
87668
87720
87899
88128
88239
88440
88550
88569
88578
88587
88634
88644
89080
89496
89568
89816
89870
89999
90024
90068
90132
90272
90277
90354
90480
90596
90600
90620
90692
90720
90750
90880
90949
91080
91120
91264
91665
91756
91790
91816
92040
92345
92496
92736
92920
93051
93294
93456
93692
93702
93978
94016
94050
94129
94192
94242
94329
94360
94446
94464
94692
94716
94860
95004
95016
95048
95076
95149
95184
95228
95284
95418
95700
95760
95927
95976
96089
96134
96139
96258
96432
96524
96555
96640
96679
96700
96730
97008
97016
97020
97162
97497
97524
97578
97900
98022
98136
98136
98175
98368
98475
98532
98571
98672
98820
99093
99216
99232
99540
100345
100510
100566
100614
100854
100980
101031
101092
101121
101384
101400
101760
102144
102185
102330
102455
102564
102660
102750
102808
102924
102930
103059
103095
103133
103243
103448
103456
103584
103584
103740
103774
104044
104118
104178
104248
104250
104258
104427
104481
104805
104895
105110
105120
105336
105340
105534
105536
105750
105850
106248
106288
106465
106560
106749
107500
107724
107864
107920
107975
108077
108206
108661
108712
108891
108891
108958
109210
109242
109440
109480
109590
109668
109744
109852
109980
110080
110205
110490
110502
110843
111150
111166
111220
111356
111926
111936
111945
112080
112274
112340
112640
112714
112942
113050
113256
113490
113505
113580
113649
113724
113766
113912
114080
114224
114330
114415
114492
114494
114513
114646
114680
114975
115000
115404
115412
115577
116023
116065
116112
116137
116181
116208
116535
116550
116754
117066
117376
117786
118014
118047
118064
118082
118150
118272
118440
118594
118690
118900
118910
119080
119238
119340
119436
119464
119504
119770
119784
119848
119880
120015
120020
120065
120124
120252
120420
120582
120672
121176
121518
121581
121737
121765
122106
122360
122428
122475
122512
122589
122682
122776
122985
123103
123475
123480
123539
123954
123981
124065
124124
124148
124497
124542
124640
124992
125136
125145
125442
125488
125488
125565
125580
125660
125847
125903
126246
126405
126444
126464
126567
126720
126720
126742
127050
127296
127312
127455
127547
127766
127818
127880
128040
128226
128397
128417
128500
128674
128712
128757
128856
128880
129056
129325
129465
129578
129630
129682
129828
129850
130052
130083
130168
130320
130398
130494
130725
130790
130857
130950
131120
131472
131712
131820
132165
132300
132384
132756
132834
132840
132912
133022
133038
133176
133457
133500
133560
133800
134249
134386
134689
134801
134940
135082
135090
135218
135382
136285
136458
136539
136606
136752
136965
137150
137313
137376
137460
137610
137760
137799
137808
137950
138040
138087
138138
138402
138535
138648
138684
138768
139248
139360
139384
139400
139608
139874
140058
140130
140805
141204
141230
141267
141372
141404
141484
141610
141620
141620
141665
141708
141780
142004
142308
142464
142467
142506
142600
142625
142632
142728
142800
142832
143029
143040
143218
143258
143325
143640
143788
144000
144004
144508
144540
144555
144925
145078
145157
145230
145232
145341
145656
145733
145914
146064
146287
146676
146888
146952
147060
147065
147072
147084
147108
147120
147168
147460
147828
147972
148204
148224
148261
148434
148447
148554
148773
148955
148960
149058
149112
149156
149688
149919
150176
150508
150516
150700
150891
151580
151866
151946
152086
152579
152760
153012
153384
153387
153846
153846
154077
154080
154118
154224
154328
154566
154768
154770
155239
155354
155365
155428
155694
156400
156420
156893
157182
157320
157504
157590
157950
158004
158340
158400
158400
158445
158850
158976
159152
159838
159842
160050
160140
160398
160564
160599
160740
160992
160993
161070
161112
161120
161124
161508
161600
161703
161784
161872
162032
162108
162361
162504
162564
162624
162656
162675
162687
162812
163030
163401
163476
163584
163857
163890
164008
164069
164340
164560
164616
164640
164876
164900
165100
165141
165205
165222
165672
165690
165807
165834
166112
166112
166144
166144
166430
166804
166852
167141
167200
167211
167276
167500
167571
167580
167894
168072
168216
168336
168675
168720
168750
168875
169048
169106
169260
169280
169442
169600
169614
169776
169917
169952
170377
170520
170604
170742
170940
171000
171072
171156
171543
172072
172244
172308
172396
173060
173264
173316
173396
173658
173664
173840
173850
173907
174064
174574
174796
174896
174937
175450
175770
175932
176064
176280
176402
176475
176580
176700
176852
177144
177160
177192
177650
177892
178066
178294
178339
178560
178850
179105
179140
179322
179340
179396
179775
179785
179820
179841
179945
180000
180061
180180
180264
180564
180730
180774
180846
180900
181482
181570
181958
182013
182024
182080
182135
182308
182520
182574
182736
182984
183000
183015
183039
183040
183456
183490
184140
184260
184548
185076
185130
185724
186136
186148
186321
186362
186456
186628
186979
187320
187440
187616
187653
187856
187910
187935
187967
187975
188062
188188
188453
188600
188622
189000
189189
189202
189280
189357
189472
189728
189756
189783
189980
190260
190380
190716
190809
190840
190848
190896
191040
191420
191468
191597
191632
191764
191896
192192
192296
192321
192660
193030
193154
193543
193800
193842
193980
194020
194040
194340
194542
194766
195024
195270
195453
195840
196000
196024
196128
196250
196262
196310
196390
196647
197250
197280
197612
197722
197780
197880
198068
198090
198396
198492
198740
198850
198891
199122
199408
199420
199433
199606
199870
199946
200100
200186
200400
200430
200455
200860
200880
201019
201238
201240
201272
201280
201344
201690
201696
201840
202075
202105
202230
202419
202444
202501
202644
202776
202874
203136
203280
203464
204000
204315
204595
204660
205054
205099
205368
205583
205785
206112
206255
206416
206528
207296
207480
207680
207840
208028
208120
208210
208280
208320
208353
208936
209280
209330
209825
210358
210372
210516
210578
210600
211165
211200
211232
211456
211650
211735
211896
211925
212058
212076
212361
212544
212658
212930
213408
213465
213724
213815
213948
214011
214396
214630
214654
214684
215405
215623
215985
216000
216062
216194
216618
216659
217329
217422
217740
218020
218064
218446
218538
219120
219429
219462
219520
219699
220206
220314
220320
220416
220665
220752
220780
221128
221144
221160
221183
221214
221368
221428
221696
221793
222215
222357
222624
222784
223782
223808
223889
224715
225078
225742
225828
226005
226077
226889
226969
227160
227289
227289
227392
227430
227641
227799
228021
228228
228275
228825
229068
229353
229395
229500
229620
229742
229905
230205
230287
230480
230826
230862
231291
231552
232399
232545
232869
233508
233590
233727
234175
234416
234766
234780
234820
235056
235224
235560
235564
235596
235885
235904
236016
236386
237250
237405
237750
238210
238260
238428
238457
238720
238848
238872
239320
239835
240000
240000
240002
240159
240185
240255
240536
240900
241026
241032
241056
241110
242820
242961
243346
243573
243789
243789
244215
244278
244350
244660
244991
246125
246645
246806
246960
247011
247230
247328
247648
247900
248040
248332
248446
248472
248570
248577
248792
249000
249018
249076
249312
249600
249900
250200
250200
250250
250250
250371
250640
251547
251617
251658
251776
251870
252126
252170
252434
252721
253000
253176
253195
253425
253454
253492
253504
253575
253662
253968
254184
254241
254293
254370
254492
254835
254928
255300
255328
255440
255468
255590
255750
255838
256880
257202
257254
257256
257526
257656
258093
258540
258552
258942
258990
259150
259160
259875
259940
260249
260350
260442
260752
261057
261096
261174
261457
261508
261600
261725
261800
261950
262899
262922
263320
263436
263648
263954
264132
264480
264870
264888
264960
265232
265350
265496
265698
266112
266288
266975
267150
267200
267231
267267
267424
268202
268315
268416
268632
268905
269064
269514
269730
269765
269864
269997
270080
270144
270560
270614
270830
270936
271093
271312
271674
271904
271942
272445
272454
272580
272640
272736
273129
273504
273672
273900
274030
274104
274137
274151
274590
274848
274920
275128
275154
275218
275328
275463
275600
275964
276448
276888
276934
277103
277672
277752
277760
278153
278400
278674
278760
278884
279630
279750
280025
280240
280260
280356
280899
281196
282255
282510
282750
282953
283118
283866
284006
284130
285137
285475
285957
286180
286528
286642
286832
287028
287046
287175
287226
287616
287676
287790
287850
288150
288410
289016
289170
289668
290763
291118
291867
291951
292348
292446
292622
292742
292864
293252
293322
293592
293643
293643
293700
293709
293795
293820
294294
294513
294528
294580
294678
294975
295281
295386
295412
295641
296406
296408
296595
296700
296960
297279
297308
297528
297561
297637
298350
298358
298489
298599
299115
299200
299390
299628
299765
300000
300080
300184
300608
300756
300792
300850
301410
301770
302120
302126
302626
302784
302820
303180
303696
303845
303873
303930
304278
304326
304416
304422
304589
304848
304896
305040
305148
305200
305502
305520
305762
306117
306560
306804
306908
306936
307188
307296
307320
307476
307848
308115
308160
308224
309029
309912
310128
310128
310625
310640
310650
310905
311234
312612
312836
313488
313608
313664
313788
313857
313920
314259
314420
314826
315270
315456
315520
316117
316160
316358
316592
317028
317500
318262
318519
319194
319716
319748
320016
321090
321266
321399
321860
322536
322623
322740
322910
323080
323606
323713
323792
324485
324519
324611
324753
325052
325404
325450
325650
327000
327294
327488
327540
327564
327600
327908
328229
328440
328841
328860
328874
328902
328990
329076
329120
330220
330340
330429
330480
331296
331325
331398
331840
332462
332508
332688
332816
332940
333200
333300
333684
334320
334330
334767
335008
335013
335306
335478
335800
335907
336000
336285
336375
336592
336908
336996
337272
337452
337836
337845
338192
338300
338676
339040
339388
339450
339693
339822
339885
339966
340473
341220
341371
341484
341640
342070
342160
342314
342927
342936
342942
342969
343048
343098
343144
343826
343882
344014
344014
344964
345000
345024
345150
345567
345600
346094
346104
346317
346764
347139
347328
348055
348528
348998
349416
349461
349500
349920
349972
350960
351416
351780
352101
352240
352521
352956
353519
353856
353926
353990
354050
354120
354124
354484
354944
355122
355716
355950
356088
356524
356800
356964
356971
357975
358112
358160
358432
358848
358926
359250
359964
360060
360705
360720
360729
361188
361284
361284
361574
362000
362016
362112
362700
362701
362902
363330
363987
364111
364157
364219
364598
364658
364813
365268
366102
366160
366417
366700
366798
366960
367164
367227
367425
367875
367948
368349
369264
370048
370152
370481
370563
371460
371881
372186
372252
372480
372680
372736
372800
373068
373216
373248
373464
373750
373926
373998
374104
374752
374781
374861
375959
376000
376528
376887
377392
377496
377815
378000
378480
378720
378820
379424
379520
379698
379982
380190
380365
380410
380625
381123
381866
384312
384990
385200
385332
385382
385410
385625
385635
385746
386316
386450
388007
388314
388608
388847
388962
389090
389130
389241
389640
389664
390182
390696
390728
392046
392052
392084
392311
392392
392544
392607
392784
393212
393452
393525
393633
393680
393805
393822
393822
394338
394740
395280
395316
395605
395754
396550
396640
397054
397086
398607
398664
398780
399183
399420
399625
399856
399900
400014
400044
400198
400340
401108
401232
401464
401998
402111
402288
402300
402462
402930
403280
404335
404872
405185
406232
406424
406470
406866
407550
407884
408184
408600
409365
409596
409625
409955
410150
411016
411313
411424
411502
411516
412587
412960
412965
413055
413442
413545
414160
414960
415106
415206
415998
416665
417004
417164
417260
418396
418704
419040
419328
419368
419432
419635
419679
419958
420160
420184
420304
420336
420480
420792
421316
421368
421590
421968
422148
422334
424410
425257
426048
426160
426612
426688
426951
426972
427336
427491
427638
427782
427986
429173
429226
429710
430304
430430
430560
430920
431640
431872
433058
433136
433275
434616
435220
435960
436920
437526
437760
438900
439472
439505
439611
439956
440056
440181
441525
441970
442240
442290
442523
442659
442860
443456
444048
444150
444198
445464
445760
446355
446605
446946
448260
448776
449080
449856
450240
450307
451090
451104
451722
451725
451730
452790
453474
453915
454410
454434
455220
455280
455370
455533
456280
456762
456960
457273
457678
457894
457900
458874
459017
459298
459971
460100
461153
461235
462875
463078
463320
463368
463592
463976
464370
464458
464492
465356
465360
465842
466175
466348
467038
467060
467522
467839
468162
468270
468506
468930
469075
469500
469826
470678
471240
472140
472246
472809
472944
472957
473068
473800
474020
474345
474768
475320
475839
476784
476935
477152
477692
478080
479004
480318
481327
481500
481500
481950
482023
482400
482790
483081
483630
485052
486591
486710
486913
487784
488025
488315
489271
489348
489605
490700
491016
491568
492624
492744
493500
494623
494667
494913
495869
496594
496875
497490
497760
498080
498300
498632
498698
498780
499947
500124
500448
501120
501143
501313
501954
502492
502761
503040
503048
504100
504114
504390
505050
506121
506328
506368
507486
508353
508707
508728
509015
509771
511434
512302
512316
512758
512820
513588
513590
514170
515008
515094
515452
515788
516000
516789
517228
517328
517341
517374
519100
519480
520425
520441
520676
520695
520972
521304
523026
523621
523627
524520
524912
525044
525280
525723
526536
526952
527067
527616
527956
527986
528000
528406
528493
528654
528794
529404
529720
529872
530062
530178
530704
530858
531113
531927
532057
532114
532124
532224
532248
532980
532980
533079
533226
533403
534114
534540
534752
535360
535525
538289
538350
538444
538902
539672
540310
540594
541356
541440
541812
546116
546250
546840
546904
547024
547274
547768
548005
548405
549450
549545
551000
551040
551285
552120
552575
552585
552780
553936
554688
556206
556827
556942
557171
557505
558360
558646
558735
559104
559360
559360
559526
559845
560328
561393
562224
562682
562788
562928
564564
564775
564960
565470
565471
565760
565862
566056
566397
568242
568854
568874
569516
569782
570208
570780
572064
572424
573574
573840
574555
574712
575310
576200
576290
576375
577125
578243
578336
578392
579033
579304
579419
581504
581760
581904
582046
582720
582759
583389
583505
583758
584120
584961
585060
586332
586520
587529
587840
588060
588786
590065
590345
590648
591600
592296
593028
593475
594396
594690
596418
596608
597329
598500
598635
598644
598644
598650
599196
599764
600625
600896
603200
604210
604455
604580
606191
606392
606528
606698
606970
607230
607613
607959
608192
608656
608672
609504
611083
611616
611800
612156
612300
612500
612681
612808
613536
613824
614512
614640
614676
615612
616308
617760
619113
620730
621000
621250
621732
622591
623189
623250
624385
625368
627300
627450
628780
629391
629402
631228
631241
632180
632316
633880
634368
635286
635448
636182
636342
636552
636975
637296
637428
637753
637795
639000
639314
639612
639716
642345
643524
644028
645344
645414
648120
648675
648749
649392
649587
652004
652054
652324
652335
652536
652944
653172
654460
657400
657682
658194
659680
659685
660210
660345
660761
660825
661011
661725
663012
663480
664268
664420
665532
665728
666330
666414
666460
666723
668451
668682
669162
669600
669685
669800
670395
670480
671328
672475
673047
673816
674849
675428
675980
676600
679018
679426
680092
680184
680343
680520
680560
682500
682632
684082
684156
685072
686412
686570
687816
687916
688576
689019
689472
689748
690800
691311
691428
693000
693940
694216
694656
696045
696714
696741
698610
700278
700338
700900
701748
702282
703424
703500
703621
703830
704364
704454
704930
705483
705870
708066
709280
709317
712476
713565
714670
714688
715091
715520
719720
720035
720192
721204
723276
723676
724192
724710
725680
726652
728091
728800
728856
729291
730608
731808
732186
733028
734019
734116
734250
734328
736266
736912
739009
740255
742259
743544
744095
745987
746402
746790
746900
748221
749612
750582
750936
751224
752080
753179
753375
754196
755595
757750
758190
758993
759600
761805
764360
764778
765429
766151
768042
768140
769356
770659
772520
772620
773712
775527
776440
777510
778120
778226
779988
781447
781971
782068
782969
783771
784179
785137
786733
788640
791840
793694
793877
794430
795804
797316
799806
801084
801140
804100
805701
806043
806222
809002
809471
813750
817186
818680
818880
819881
821865
824448
824964
826268
827288
828380
829272
829350
829597
830650
830830
836694
839915
841620
842940
844520
845130
845138
846846
847168
853200
853358
853712
855336
860337
861672
872067
873180
873936
875910
877608
877800
878796
879320
880026
881600
887108
889213
889728
892541
896566
897646
898665
902285
908742
911881
914850
917568
925536
929287
934945
936050
937650
943506
958341
958360
972132
